单元编号       	格点1          	格点2          	格点3          	材料号         	压强       	温度
1				145				198				201				1				9.578923e+06				1.152019e+05
2				150				201				197				1				9.581018e+06				1.152271e+05
3				138				204				199				1				9.725485e+06				1.169645e+05
4				138				199				203				1				9.677795e+06				1.163910e+05
5				180				219				210				1				9.978489e+06				1.200073e+05
6				150				197				200				1				9.606581e+06				1.155345e+05
7				197				201				198				1				9.594614e+06				1.153906e+05
8				140				232				218				1				9.681325e+06				1.164335e+05
9				200				218				232				1				9.656456e+06				1.161344e+05
10				231				183				104				1				9.823161e+06				1.181393e+05
11				183				230				104				1				9.869078e+06				1.186915e+05
12				144				210				219				1				9.937831e+06				1.195184e+05
13				141				202				185				1				1.002711e+07				1.205921e+05
14				13				202				141				1				1.004174e+07				1.207680e+05
15				148				184				187				1				1.017429e+07				1.223621e+05
16				2				96				24				1				1.049559e+07				1.262263e+05
17				1				6				95				1				1.049559e+07				1.262263e+05
18				148				190				184				1				1.015292e+07				1.221051e+05
19				141				215				190				1				1.008179e+07				1.212497e+05
20				142				161				212				1				1.005534e+07				1.209316e+05
21				184				190				215				1				1.010219e+07				1.214950e+05
22				84				85				203				1				9.628413e+06				1.157971e+05
23				141				185				215				1				1.004076e+07				1.207563e+05
24				151				229				228				1				1.024924e+07				1.232636e+05
25				14				15				223				1				1.000182e+07				1.202879e+05
26				13				14				202				1				1.002549e+07				1.205726e+05
27				145				201				224				1				9.550207e+06				1.148565e+05
28				189				228				229				1				1.020435e+07				1.227237e+05
29				138				209				204				1				9.760597e+06				1.173868e+05
30				98				99				193				1				1.037255e+07				1.247465e+05
31				198				203				199				1				9.645359e+06				1.160009e+05
32				23				226				155				1				1.045602e+07				1.257505e+05
33				7				154				225				1				1.045618e+07				1.257523e+05
34				84				203				145				1				9.596290e+06				1.154108e+05
35				85				138				203				1				9.667718e+06				1.162698e+05
36				98				193				155				1				1.040631e+07				1.251525e+05
37				180				210				237				1				1.003108e+07				1.206398e+05
38				14				223				202				1				1.000714e+07				1.203519e+05
39				163				206				213				1				1.002873e+07				1.206115e+05
40				143				213				206				1				1.005050e+07				1.208734e+05
41				142				220				161				1				1.000302e+07				1.203024e+05
42				161				239				212				1				1.010240e+07				1.214975e+05
43				179				211				216				1				9.951898e+06				1.196875e+05
44				206				216				211				1				9.981366e+06				1.200419e+05
45				145				203				198				1				9.603059e+06				1.154922e+05
46				148				187				188				1				1.022407e+07				1.229609e+05
47				143				191				213				1				1.008884e+07				1.213345e+05
48				204				207				238				1				9.799354e+06				1.178529e+05
49				18				191				143				1				1.009975e+07				1.214656e+05
50				163				216				206				1				9.989087e+06				1.201348e+05
51				23				155				241				1				1.043472e+07				1.254942e+05
52				7				242				154				1				1.043490e+07				1.254964e+05
53				11				12				190				1				1.013543e+07				1.218947e+05
54				11				190				148				1				1.017056e+07				1.223173e+05
55				147				156				157				1				1.023525e+07				1.230953e+05
56				12				141				190				1				1.009760e+07				1.214398e+05
57				18				19				191				1				1.013583e+07				1.218996e+05
58				156				192				157				1				1.026586e+07				1.234634e+05
59				153				243				188				1				1.030268e+07				1.239063e+05
60				150				227				201				1				9.552122e+06				1.148796e+05
61				20				156				147				1				1.024623e+07				1.232273e+05
62				152				193				192				1				1.034134e+07				1.243712e+05
63				152				192				156				1				1.031129e+07				1.240098e+05
64				153				188				235				1				1.031219e+07				1.240206e+05
65				23				24				226				1				1.047320e+07				1.259570e+05
66				6				7				225				1				1.047324e+07				1.259575e+05
67				153				217				242				1				1.037816e+07				1.248140e+05
68				166				182				194				1				9.795799e+06				1.178102e+05
69				157				159				158				1				1.016798e+07				1.222863e+05
70				147				157				158				1				1.018854e+07				1.225336e+05
71				21				152				156				1				1.032253e+07				1.241450e+05
72				21				22				152				1				1.036173e+07				1.246164e+05
73				16				205				139				1				1.000866e+07				1.203702e+05
74				8				9				153				1				1.036024e+07				1.245985e+05
75				143				206				205				1				1.003307e+07				1.206638e+05
76				159				161				160				1				1.008926e+07				1.213396e+05
77				181				189				187				1				1.015103e+07				1.220824e+05
78				165				183				182				1				9.842129e+06				1.183674e+05
79				165				182				166				1				9.838874e+06				1.183282e+05
80				166				194				168				1				9.800772e+06				1.178700e+05
81				177				180				178				1				9.998469e+06				1.202476e+05
82				139				205				211				1				9.996997e+06				1.202299e+05
83				10				11				148				1				1.021214e+07				1.228173e+05
84				158				159				160				1				1.011741e+07				1.216780e+05
85				19				147				191				1				1.016935e+07				1.223028e+05
86				172				194				195				1				9.724251e+06				1.169497e+05
87				162				165				164				1				9.928133e+06				1.194017e+05
88				17				143				205				1				1.004439e+07				1.207999e+05
89				195				197				196				1				9.655374e+06				1.161214e+05
90				15				139				223				1				9.995827e+06				1.202158e+05
91				168				172				170				1				9.784174e+06				1.176704e+05
92				19				20				147				1				1.021008e+07				1.227925e+05
93				12				13				141				1				1.007113e+07				1.211215e+05
94				168				194				172				1				9.767796e+06				1.174734e+05
95				195				200				197				1				9.642444e+06				1.159658e+05
96				17				18				143				1				1.007256e+07				1.211387e+05
97				174				207				177				1				9.899451e+06				1.190568e+05
98				164				165				166				1				9.881233e+06				1.188377e+05
99				196				197				198				1				9.633406e+06				1.158571e+05
100				196				199				208				1				9.704008e+06				1.167062e+05
101				20				21				156				1				1.028801e+07				1.237298e+05
102				172				195				196				1				9.697189e+06				1.166242e+05
103				15				16				139				1				1.000221e+07				1.202925e+05
104				160				161				162				1				1.003430e+07				1.206785e+05
105				172				196				208				1				9.719046e+06				1.168871e+05
106				170				208				173				1				9.790267e+06				1.177436e+05
107				139				211				221				1				9.978477e+06				1.200072e+05
108				173				207				174				1				9.856836e+06				1.185442e+05
109				182				218				194				1				9.751180e+06				1.172736e+05
110				174				177				176				1				9.942186e+06				1.195707e+05
111				16				17				205				1				1.002656e+07				1.205854e+05
112				178				180				181				1				1.004922e+07				1.208580e+05
113				168				170				169				1				9.827055e+06				1.181861e+05
114				170				173				171				1				9.832860e+06				1.182559e+05
115				166				168				167				1				9.843410e+06				1.183828e+05
116				170				172				208				1				9.762796e+06				1.174133e+05
117				196				198				199				1				9.659702e+06				1.161734e+05
118				162				164				163				1				9.966780e+06				1.198665e+05
119				107				108				150				1				9.568076e+06				1.150715e+05
120				176				177				178				1				9.987344e+06				1.201138e+05
121				83				84				145				1				9.566296e+06				1.150500e+05
122				177				219				180				1				9.960637e+06				1.197926e+05
123				204				233				207				1				9.822922e+06				1.181364e+05
124				171				173				174				1				9.864127e+06				1.186319e+05
125				105				106				140				1				9.706840e+06				1.167403e+05
126				169				170				171				1				9.847876e+06				1.184365e+05
127				164				166				167				1				9.880303e+06				1.188265e+05
128				167				168				169				1				9.852918e+06				1.184971e+05
129				147				158				191				1				1.015862e+07				1.221737e+05
130				205				206				211				1				1.000379e+07				1.203116e+05
131				181				187				184				1				1.013779e+07				1.219232e+05
132				85				86				138				1				9.707088e+06				1.167433e+05
133				160				162				163				1				1.001542e+07				1.204515e+05
134				86				87				209				1				9.796620e+06				1.178201e+05
135				87				88				144				1				9.893989e+06				1.189911e+05
136				88				89				210				1				1.000075e+07				1.202750e+05
137				89				90				146				1				1.010723e+07				1.215557e+05
138				174				176				175				1				9.939110e+06				1.195337e+05
139				195				218				200				1				9.672288e+06				1.163248e+05
140				102				103				142				1				1.000146e+07				1.202836e+05
141				171				174				175				1				9.903743e+06				1.191084e+05
142				101				102				212				1				1.010410e+07				1.215180e+05
143				175				185				186				1				9.971993e+06				1.199292e+05
144				91				92				151				1				1.029463e+07				1.238094e+05
145				100				101				149				1				1.020195e+07				1.226947e+05
146				163				164				216				1				9.957823e+06				1.197588e+05
147				167				169				179				1				9.891714e+06				1.189637e+05
148				175				176				185				1				9.974373e+06				1.199578e+05
149				178				181				184				1				1.008574e+07				1.212972e+05
150				86				209				138				1				9.751975e+06				1.172831e+05
151				185				202				186				1				9.997578e+06				1.202369e+05
152				87				144				209				1				9.844061e+06				1.183906e+05
153				88				210				144				1				9.946658e+06				1.196245e+05
154				169				171				214				1				9.887035e+06				1.189074e+05
155				89				146				210				1				1.005605e+07				1.209402e+05
156				139				221				223				1				9.983535e+06				1.200680e+05
157				158				213				191				1				1.011435e+07				1.216413e+05
158				199				204				238				1				9.746887e+06				1.172219e+05
159				158				160				213				1				1.009346e+07				1.213900e+05
160				176				178				215				1				1.002353e+07				1.205491e+05
161				164				167				216				1				9.918629e+06				1.192874e+05
162				176				215				185				1				1.001328e+07				1.204258e+05
163				160				163				213				1				1.004633e+07				1.208232e+05
164				92				93				217				1				1.037327e+07				1.247552e+05
165				175				186				214				1				9.944567e+06				1.195994e+05
166				102				142				212				1				1.005368e+07				1.209116e+05
167				171				175				214				1				9.911195e+06				1.191980e+05
168				165				220				183				1				9.893035e+06				1.189796e+05
169				169				214				179				1				9.904606e+06				1.191188e+05
170				101				212				149				1				1.015269e+07				1.221024e+05
171				167				179				216				1				9.920137e+06				1.193055e+05
172				178				184				215				1				1.007090e+07				1.211188e+05
173				146				228				189				1				1.016065e+07				1.221981e+05
174				97				98				155				1				1.043518e+07				1.254998e+05
175				161				220				162				1				9.994070e+06				1.201947e+05
176				93				94				154				1				1.043529e+07				1.255010e+05
177				92				217				151				1				1.033587e+07				1.243055e+05
178				146				189				237				1				1.011759e+07				1.216802e+05
179				194				218				195				1				9.712897e+06				1.168131e+05
180				159				239				161				1				1.011588e+07				1.216597e+05
181				177				207				219				1				9.906888e+06				1.191462e+05
182				99				222				193				1				1.033277e+07				1.242681e+05
183				93				154				217				1				1.040712e+07				1.251622e+05
184				155				193				241				1				1.040649e+07				1.251547e+05
185				150				200				232				1				9.612912e+06				1.156107e+05
186				162				220				165				1				9.937001e+06				1.195084e+05
187				154				242				217				1				1.040743e+07				1.251660e+05
188				83				145				224				1				9.544338e+06				1.147860e+05
189				100				149				222				1				1.024603e+07				1.232250e+05
190				179				221				211				1				9.955520e+06				1.197311e+05
191				157				234				159				1				1.019381e+07				1.225969e+05
192				179				214				221				1				9.937022e+06				1.195086e+05
193				108				227				150				1				9.546113e+06				1.148073e+05
194				152				241				193				1				1.037882e+07				1.248219e+05
195				187				229				188				1				1.023561e+07				1.230997e+05
196				201				227				224				1				9.536991e+06				1.146976e+05
197				148				188				243				1				1.025527e+07				1.233360e+05
198				187				189				229				1				1.019893e+07				1.226585e+05
199				103				104				230				1				9.902843e+06				1.190976e+05
200				107				150				232				1				9.598999e+06				1.154434e+05
201				104				105				231				1				9.790477e+06				1.177462e+05
202				9				243				153				1				1.032210e+07				1.241398e+05
203				106				232				140				1				9.668162e+06				1.162751e+05
204				173				238				207				1				9.814415e+06				1.180341e+05
205				144				233				209				1				9.843767e+06				1.183871e+05
206				146				237				210				1				1.006475e+07				1.210447e+05
207				192				193				222				1				1.031885e+07				1.241007e+05
208				10				148				243				1				1.024937e+07				1.232651e+05
209				97				155				226				1				1.045661e+07				1.257575e+05
210				94				225				154				1				1.045674e+07				1.257591e+05
211				90				228				146				1				1.015893e+07				1.221774e+05
212				22				23				241				1				1.042144e+07				1.253346e+05
213				181				237				189				1				1.011299e+07				1.216250e+05
214				7				8				242				1				1.042151e+07				1.253353e+05
215				91				151				228				1				1.025156e+07				1.232915e+05
216				94				95				225				1				1.047488e+07				1.259773e+05
217				96				97				226				1				1.047486e+07				1.259770e+05
218				199				238				208				1				9.737696e+06				1.171114e+05
219				204				209				233				1				9.804834e+06				1.179189e+05
220				144				219				233				1				9.885271e+06				1.188862e+05
221				99				100				222				1				1.029217e+07				1.237799e+05
222				186				221				214				1				9.952421e+06				1.196938e+05
223				186				223				221				1				9.976338e+06				1.199815e+05
224				153				235				217				1				1.034674e+07				1.244361e+05
225				149				234				222				1				1.023511e+07				1.230936e+05
226				5				82				236				1				9.504256e+06				1.143039e+05
227				5				236				109				1				9.504256e+06				1.143039e+05
228				186				202				223				1				9.993724e+06				1.201905e+05
229				183				220				230				1				9.903762e+06				1.191086e+05
230				82				83				224				1				9.524615e+06				1.145488e+05
231				182				183				240				1				9.800633e+06				1.178683e+05
232				108				109				227				1				9.524613e+06				1.145487e+05
233				142				230				220				1				9.955862e+06				1.197352e+05
234				224				227				236				1				9.521098e+06				1.145065e+05
235				192				222				234				1				1.026774e+07				1.234860e+05
236				159				234				239				1				1.016924e+07				1.223014e+05
237				6				225				95				1				1.048485e+07				1.260972e+05
238				24				96				226				1				1.048483e+07				1.260969e+05
239				90				91				228				1				1.020504e+07				1.227319e+05
240				105				140				231				1				9.745600e+06				1.172065e+05
241				106				107				232				1				9.629464e+06				1.158097e+05
242				103				230				142				1				9.956234e+06				1.197397e+05
243				188				229				235				1				1.027704e+07				1.235978e+05
244				207				233				219				1				9.871412e+06				1.187196e+05
245				157				192				234				1				1.024468e+07				1.232087e+05
246				151				217				235				1				1.032816e+07				1.242126e+05
247				182				240				218				1				9.753616e+06				1.173029e+05
248				183				231				240				1				9.795934e+06				1.178118e+05
249				180				237				181				1				1.006395e+07				1.210352e+05
250				173				208				238				1				9.780124e+06				1.176217e+05
251				22				241				152				1				1.038773e+07				1.249291e+05
252				8				153				242				1				1.038636e+07				1.249127e+05
253				140				218				240				1				9.724765e+06				1.169559e+05
254				9				10				243				1				1.028869e+07				1.237380e+05
255				149				212				239				1				1.014968e+07				1.220662e+05
256				151				235				229				1				1.028481e+07				1.236914e+05
257				82				224				236				1				9.514915e+06				1.144321e+05
258				149				239				234				1				1.018806e+07				1.225278e+05
259				109				236				227				1				9.514948e+06				1.144325e+05
260				140				240				231				1				9.750002e+06				1.172594e+05
261				287				290				297				1				1.014817e+07				1.220480e+05
262				254				297				290				1				1.017668e+07				1.223909e+05
263				257				298				328				1				1.025180e+07				1.232943e+05
264				286				315				323				1				9.980703e+06				1.200339e+05
265				246				314				336				1				9.683054e+06				1.164542e+05
266				305				336				314				1				9.654867e+06				1.161153e+05
267				287				297				298				1				1.016793e+07				1.222856e+05
268				297				328				298				1				1.022704e+07				1.229965e+05
269				43				3				123				1				1.049559e+07				1.262263e+05
270				2				25				96				1				1.049559e+07				1.262263e+05
271				250				323				315				1				9.937041e+06				1.195088e+05
272				247				291				322				1				1.002848e+07				1.206085e+05
273				36				247				322				1				1.004211e+07				1.207724e+05
274				259				316				328				1				1.033787e+07				1.243294e+05
275				104				337				338				1				9.842926e+06				1.183770e+05
276				248				318				267				1				1.005259e+07				1.208985e+05
277				254				290				317				1				1.014978e+07				1.220673e+05
278				257				339				298				1				1.022123e+07				1.229267e+05
279				289				338				337				1				9.841523e+06				1.183601e+05
280				257				328				316				1				1.031293e+07				1.240295e+05
281				290				321				317				1				1.010358e+07				1.215117e+05
282				286				343				315				1				1.003521e+07				1.206895e+05
283				247				317				321				1				1.008168e+07				1.212483e+05
284				306				334				346				1				9.553456e+06				1.148956e+05
285				256				303				313				1				9.612384e+06				1.156043e+05
286				98				294				99				1				1.037253e+07				1.247463e+05
287				34				35				330				1				1.000192e+07				1.202891e+05
288				247				321				291				1				1.004289e+07				1.207819e+05
289				248				267				326				1				9.999350e+06				1.202582e+05
290				346				334				251				1				9.561525e+06				1.149927e+05
291				35				36				322				1				1.002568e+07				1.205749e+05
292				267				318				344				1				1.010124e+07				1.214836e+05
293				26				260				332				1				1.045602e+07				1.257504e+05
294				42				333				261				1				1.045596e+07				1.257497e+05
295				98				260				294				1				1.040629e+07				1.251523e+05
296				249				308				319				1				1.005040e+07				1.208722e+05
297				269				319				308				1				1.002846e+07				1.206083e+05
298				250				311				323				1				9.879066e+06				1.188116e+05
299				35				322				330				1				1.000752e+07				1.203565e+05
300				249				319				295				1				1.008870e+07				1.213327e+05
301				267				268				326				1				9.991503e+06				1.201638e+05
302				285				324				325				1				9.952466e+06				1.196944e+05
303				26				347				260				1				1.043470e+07				1.254940e+05
304				42				261				348				1				1.043458e+07				1.254926e+05
305				31				249				295				1				1.009967e+07				1.214647e+05
306				308				325				324				1				9.981587e+06				1.200446e+05
307				304				312				310				1				9.745329e+06				1.172032e+05
308				258				262				293				1				1.031116e+07				1.240082e+05
309				262				263				293				1				1.026568e+07				1.234613e+05
310				254				296				297				1				1.022711e+07				1.229973e+05
311				28				262				258				1				1.032246e+07				1.241441e+05
312				288				299				314				1				9.749716e+06				1.172560e+05
313				38				254				317				1				1.016551e+07				1.222565e+05
314				258				293				294				1				1.034124e+07				1.243700e+05
315				303				350				313				1				9.646776e+06				1.160179e+05
316				39				296				254				1				1.024285e+07				1.231867e+05
317				269				308				324				1				9.988975e+06				1.201334e+05
318				279				310				312				1				9.787274e+06				1.177077e+05
319				30				31				295				1				1.013578e+07				1.218990e+05
320				249				307				308				1				1.003307e+07				1.206638e+05
321				253				263				262				1				1.023508e+07				1.230932e+05
322				42				43				333				1				1.047324e+07				1.259575e+05
323				25				26				332				1				1.047320e+07				1.259570e+05
324				259				348				316				1				1.037758e+07				1.248070e+05
325				272				299				288				1				9.794730e+06				1.177973e+05
326				263				264				265				1				1.016770e+07				1.222829e+05
327				32				307				249				1				1.004434e+07				1.207993e+05
328				27				28				258				1				1.036170e+07				1.246160e+05
329				40				259				296				1				1.032064e+07				1.241222e+05
330				40				41				259				1				1.036126e+07				1.246107e+05
331				29				253				262				1				1.024613e+07				1.232261e+05
332				265				266				267				1				1.008818e+07				1.213266e+05
333				253				264				263				1				1.018835e+07				1.225312e+05
334				309				311				310				1				9.825867e+06				1.181718e+05
335				271				288				289				1				9.838290e+06				1.183212e+05
336				271				272				288				1				9.836923e+06				1.183048e+05
337				279				309				310				1				9.825486e+06				1.181672e+05
338				272				274				299				1				9.800999e+06				1.178727e+05
339				38				39				254				1				1.020826e+07				1.227707e+05
340				283				284				286				1				1.000481e+07				1.203238e+05
341				264				266				265				1				1.011691e+07				1.216721e+05
342				268				270				271				1				9.926203e+06				1.193785e+05
343				278				300				299				1				9.725295e+06				1.169623e+05
344				28				29				262				1				1.028796e+07				1.237292e+05
345				300				301				302				1				9.659927e+06				1.161761e+05
346				274				276				278				1				9.786874e+06				1.177028e+05
347				33				245				307				1				1.000865e+07				1.203700e+05
348				29				30				253				1				1.021002e+07				1.227919e+05
349				36				37				247				1				1.007117e+07				1.211219e+05
350				280				283				309				1				9.908940e+06				1.191709e+05
351				274				278				299				1				9.769269e+06				1.174911e+05
352				31				32				249				1				1.007252e+07				1.211382e+05
353				300				302				305				1				9.641664e+06				1.159565e+05
354				256				331				349				1				9.561333e+06				1.149904e+05
355				270				272				271				1				9.879804e+06				1.188205e+05
356				39				40				296				1				1.028666e+07				1.237135e+05
357				283				286				323				1				9.964296e+06				1.198366e+05
358				301				303				302				1				9.642776e+06				1.159698e+05
359				301				312				304				1				9.711578e+06				1.167973e+05
360				33				34				245				1				1.000219e+07				1.202924e+05
361				278				301				300				1				9.700373e+06				1.166625e+05
362				278				312				301				1				9.724296e+06				1.169502e+05
363				266				268				267				1				1.003267e+07				1.206590e+05
364				279				280				309				1				9.867060e+06				1.186672e+05
365				276				279				312				1				9.795797e+06				1.178102e+05
366				32				33				307				1				1.002652e+07				1.205850e+05
367				280				282				283				1				9.948708e+06				1.196492e+05
368				284				287				286				1				1.005778e+07				1.209609e+05
369				30				295				253				1				1.016926e+07				1.223016e+05
370				276				277				279				1				9.837623e+06				1.183132e+05
371				274				275				276				1				9.829394e+06				1.182142e+05
372				272				273				274				1				9.843849e+06				1.183881e+05
373				299				300				314				1				9.712118e+06				1.168038e+05
374				276				312				278				1				9.767060e+06				1.174646e+05
375				252				343				298				1				1.012868e+07				1.218136e+05
376				301				304				303				1				9.670435e+06				1.163025e+05
377				268				269				270				1				9.965611e+06				1.198525e+05
378				282				284				283				1				9.994257e+06				1.201970e+05
379				107				251				108				1				9.569574e+06				1.150895e+05
380				111				256				112				1				9.569341e+06				1.150867e+05
381				309				323				311				1				9.872491e+06				1.187325e+05
382				250				335				311				1				9.834235e+06				1.182724e+05
383				277				280				279				1				9.870262e+06				1.187057e+05
384				105				246				106				1				9.707045e+06				1.167428e+05
385				245				325				307				1				9.997159e+06				1.202319e+05
386				275				277				276				1				9.851065e+06				1.184748e+05
387				270				273				272				1				9.879959e+06				1.188223e+05
388				112				313				113				1				9.629698e+06				1.158126e+05
389				37				38				317				1				1.013400e+07				1.218776e+05
390				273				275				274				1				9.854282e+06				1.185135e+05
391				300				305				314				1				9.668591e+06				1.162803e+05
392				112				256				313				1				9.600594e+06				1.154625e+05
393				253				295				264				1				1.015847e+07				1.221719e+05
394				113				244				114				1				9.705158e+06				1.167201e+05
395				266				269				268				1				1.001427e+07				1.204376e+05
396				115				250				116				1				9.892576e+06				1.189741e+05
397				116				315				117				1				1.000122e+07				1.202807e+05
398				37				317				247				1				1.009644e+07				1.214258e+05
399				117				252				118				1				1.010789e+07				1.215636e+05
400				280				281				282				1				9.945444e+06				1.196099e+05
401				102				248				103				1				9.999666e+06				1.202620e+05
402				113				313				244				1				9.666907e+06				1.162601e+05
403				101				318				102				1				1.010378e+07				1.215142e+05
404				277				281				280				1				9.909284e+06				1.191750e+05
405				281				292				291				1				9.975468e+06				1.199710e+05
406				119				257				120				1				1.028910e+07				1.237429e+05
407				100				255				101				1				1.020189e+07				1.226941e+05
408				273				285				275				1				9.892914e+06				1.189781e+05
409				281				291				282				1				9.979236e+06				1.200163e+05
410				284				290				287				1				1.009453e+07				1.214030e+05
411				116				250				315				1				9.945697e+06				1.196129e+05
412				264				295				319				1				1.011416e+07				1.216390e+05
413				269				324				270				1				9.957408e+06				1.197538e+05
414				275				320				277				1				9.889927e+06				1.189422e+05
415				117				315				252				1				1.005719e+07				1.209538e+05
416				264				319				266				1				1.009304e+07				1.213850e+05
417				287				298				343				1				1.012738e+07				1.217980e+05
418				265				267				344				1				1.011492e+07				1.216481e+05
419				245				327				325				1				9.978962e+06				1.200130e+05
420				282				321				284				1				1.002959e+07				1.206219e+05
421				268				271				326				1				9.934092e+06				1.194734e+05
422				266				319				269				1				1.004574e+07				1.208161e+05
423				120				316				121				1				1.037170e+07				1.247363e+05
424				282				291				321				1				1.001751e+07				1.204767e+05
425				281				320				292				1				9.947864e+06				1.196390e+05
426				283				323				309				1				9.914309e+06				1.192355e+05
427				102				318				248				1				1.005157e+07				1.208863e+05
428				277				320				281				1				9.915126e+06				1.192453e+05
429				34				330				245				1				9.995979e+06				1.202177e+05
430				291				292				322				1				9.999576e+06				1.202609e+05
431				275				285				320				1				9.906476e+06				1.191413e+05
432				306				349				331				1				9.553295e+06				1.148937e+05
433				101				255				318				1				1.015232e+07				1.220979e+05
434				307				325				308				1				1.000391e+07				1.203131e+05
435				252				298				339				1				1.016720e+07				1.222769e+05
436				284				321				290				1				1.007667e+07				1.211881e+05
437				270				324				273				1				9.918629e+06				1.192874e+05
438				273				324				285				1				9.920762e+06				1.193131e+05
439				97				260				98				1				1.043518e+07				1.254997e+05
440				121				261				122				1				1.043492e+07				1.254967e+05
441				120				257				316				1				1.032907e+07				1.242236e+05
442				259				328				296				1				1.030711e+07				1.239595e+05
443				252				315				343				1				1.006798e+07				1.210836e+05
444				251				336				305				1				9.612703e+06				1.156082e+05
445				99				294				329				1				1.033272e+07				1.242675e+05
446				121				316				261				1				1.040530e+07				1.251404e+05
447				245				330				327				1				9.984069e+06				1.200744e+05
448				260				347				294				1				1.040645e+07				1.251543e+05
449				271				289				326				1				9.888355e+06				1.189233e+05
450				303				304				350				1				9.670188e+06				1.162995e+05
451				304				310				341				1				9.742491e+06				1.171691e+05
452				302				349				346				1				9.593357e+06				1.153755e+05
453				306				346				349				1				9.569981e+06				1.150944e+05
454				261				316				348				1				1.040556e+07				1.251435e+05
455				111				331				256				1				9.548237e+06				1.148329e+05
456				100				329				255				1				1.024595e+07				1.232240e+05
457				263				265				340				1				1.019349e+07				1.225931e+05
458				285				327				320				1				9.938529e+06				1.195267e+05
459				258				294				347				1				1.037876e+07				1.248212e+05
460				108				251				334				1				9.547815e+06				1.148278e+05
461				285				325				327				1				9.956332e+06				1.197409e+05
462				107				336				251				1				9.602053e+06				1.154801e+05
463				106				246				336				1				9.670215e+06				1.162998e+05
464				103				337				104				1				9.894561e+06				1.189980e+05
465				306				331				334				1				9.536421e+06				1.146907e+05
466				114				244				335				1				9.746838e+06				1.172214e+05
467				115				335				250				1				9.839500e+06				1.183358e+05
468				104				338				105				1				9.795084e+06				1.178016e+05
469				293				329				294				1				1.031875e+07				1.240996e+05
470				97				332				260				1				1.045660e+07				1.257574e+05
471				122				261				333				1				1.045646e+07				1.257557e+05
472				26				27				347				1				1.042143e+07				1.253344e+05
473				41				42				348				1				1.042143e+07				1.253345e+05
474				292				320				327				1				9.954360e+06				1.197171e+05
475				296				328				297				1				1.025731e+07				1.233606e+05
476				96				332				97				1				1.047486e+07				1.259769e+05
477				122				333				123				1				1.047488e+07				1.259773e+05
478				99				329				100				1				1.029215e+07				1.237795e+05
479				292				327				330				1				9.977550e+06				1.199960e+05
480				118				252				339				1				1.015683e+07				1.221522e+05
481				119				339				257				1				1.024331e+07				1.231923e+05
482				255				329				340				1				1.023493e+07				1.230914e+05
483				256				349				303				1				9.594810e+06				1.153930e+05
484				5				109				342				1				9.504256e+06				1.143039e+05
485				5				342				110				1				9.504256e+06				1.143039e+05
486				292				330				322				1				9.994891e+06				1.202046e+05
487				110				331				111				1				9.525740e+06				1.145623e+05
488				244				341				335				1				9.744827e+06				1.171972e+05
489				304				341				350				1				9.707818e+06				1.167521e+05
490				108				334				109				1				9.525429e+06				1.145586e+05
491				302				303				349				1				9.609050e+06				1.155642e+05
492				293				340				329				1				1.026757e+07				1.234839e+05
493				114				335				115				1				9.793577e+06				1.177835e+05
494				288				345				289				1				9.796862e+06				1.178230e+05
495				251				305				346				1				9.594790e+06				1.153927e+05
496				265				344				340				1				1.016884e+07				1.222966e+05
497				106				336				107				1				9.631028e+06				1.158285e+05
498				331				342				334				1				9.522609e+06				1.145246e+05
499				248				326				337				1				9.944667e+06				1.196006e+05
500				289				337				326				1				9.891854e+06				1.189654e+05
501				25				332				96				1				1.048483e+07				1.260968e+05
502				43				123				333				1				1.048485e+07				1.260972e+05
503				103				248				337				1				9.946088e+06				1.196176e+05
504				105				338				246				1				9.750265e+06				1.172626e+05
505				263				340				293				1				1.024446e+07				1.232061e+05
506				118				339				119				1				1.020231e+07				1.226991e+05
507				311				335				341				1				9.786546e+06				1.176989e+05
508				302				346				305				1				9.609418e+06				1.155687e+05
509				288				314				345				1				9.751329e+06				1.172754e+05
510				310				311				341				1				9.784319e+06				1.176721e+05
511				246				345				314				1				9.723556e+06				1.169413e+05
512				286				287				343				1				1.007170e+07				1.211283e+05
513				289				345				338				1				9.797304e+06				1.178283e+05
514				27				258				347				1				1.038769e+07				1.249286e+05
515				41				348				259				1				1.038726e+07				1.249235e+05
516				255				344				318				1				1.014915e+07				1.220598e+05
517				244				313				350				1				9.672050e+06				1.163219e+05
518				110				342				331				1				9.515873e+06				1.144436e+05
519				255				340				344				1				1.018775e+07				1.225240e+05
520				109				334				342				1				9.515473e+06				1.144388e+05
521				244				350				341				1				9.708546e+06				1.167608e+05
522				246				338				345				1				9.753770e+06				1.173047e+05
523				394				404				397				1				1.014815e+07				1.220478e+05
524				361				397				404				1				1.017667e+07				1.223908e+05
525				364				435				405				1				1.025180e+07				1.232943e+05
526				393				430				422				1				9.980706e+06				1.200340e+05
527				353				443				421				1				9.683054e+06				1.164542e+05
528				412				421				443				1				9.654867e+06				1.161153e+05
529				394				405				404				1				1.016792e+07				1.222855e+05
530				404				405				435				1				1.022704e+07				1.229965e+05
531				124				62				4				1				1.049559e+07				1.262263e+05
532				123				3				44				1				1.049559e+07				1.262263e+05
533				357				422				430				1				9.937044e+06				1.195089e+05
534				354				429				398				1				1.002847e+07				1.206085e+05
535				51				429				354				1				1.004210e+07				1.207724e+05
536				366				435				423				1				1.033787e+07				1.243294e+05
537				132				445				444				1				9.842926e+06				1.183770e+05
538				355				374				425				1				1.005259e+07				1.208985e+05
539				361				424				397				1				1.014977e+07				1.220672e+05
540				364				405				446				1				1.022123e+07				1.229267e+05
541				396				444				445				1				9.841523e+06				1.183601e+05
542				364				423				435				1				1.031293e+07				1.240295e+05
543				397				424				428				1				1.010356e+07				1.215115e+05
544				393				422				450				1				1.003521e+07				1.206895e+05
545				354				428				424				1				1.008167e+07				1.212482e+05
546				413				453				441				1				9.553456e+06				1.148956e+05
547				363				420				410				1				9.612384e+06				1.156043e+05
548				126				127				401				1				1.037253e+07				1.247463e+05
549				52				53				437				1				1.000192e+07				1.202891e+05
550				354				398				428				1				1.004288e+07				1.207817e+05
551				355				433				374				1				9.999350e+06				1.202582e+05
552				453				358				441				1				9.561525e+06				1.149927e+05
553				51				52				429				1				1.002568e+07				1.205749e+05
554				374				451				425				1				1.010124e+07				1.214836e+05
555				61				440				368				1				1.045602e+07				1.257504e+05
556				45				367				439				1				1.045596e+07				1.257497e+05
557				126				401				368				1				1.040629e+07				1.251523e+05
558				356				426				415				1				1.005044e+07				1.208726e+05
559				376				415				426				1				1.002848e+07				1.206086e+05
560				357				430				418				1				9.879068e+06				1.188116e+05
561				52				437				429				1				1.000752e+07				1.203565e+05
562				356				402				426				1				1.008870e+07				1.213328e+05
563				374				433				375				1				9.991504e+06				1.201638e+05
564				392				431				432				1				9.952480e+06				1.196945e+05
565				61				368				454				1				1.043470e+07				1.254940e+05
566				45				455				367				1				1.043458e+07				1.254926e+05
567				56				402				356				1				1.009968e+07				1.214649e+05
568				415				432				431				1				9.981616e+06				1.200449e+05
569				411				417				419				1				9.745334e+06				1.172033e+05
570				365				400				369				1				1.031116e+07				1.240082e+05
571				369				400				370				1				1.026568e+07				1.234613e+05
572				361				404				403				1				1.022711e+07				1.229973e+05
573				59				365				369				1				1.032246e+07				1.241441e+05
574				395				421				406				1				9.749716e+06				1.172560e+05
575				49				424				361				1				1.016551e+07				1.222565e+05
576				365				401				400				1				1.034124e+07				1.243700e+05
577				410				420				457				1				9.646777e+06				1.160180e+05
578				48				361				403				1				1.024285e+07				1.231867e+05
579				386				419				417				1				9.787282e+06				1.177078e+05
580				376				432				415				1				9.989010e+06				1.201339e+05
581				56				57				402				1				1.013577e+07				1.218989e+05
582				360				369				370				1				1.023508e+07				1.230932e+05
583				44				45				439				1				1.047324e+07				1.259575e+05
584				61				62				440				1				1.047320e+07				1.259570e+05
585				366				423				455				1				1.037758e+07				1.248070e+05
586				379				395				406				1				9.794734e+06				1.177974e+05
587				370				372				371				1				1.016770e+07				1.222829e+05
588				59				60				365				1				1.036170e+07				1.246160e+05
589				47				403				366				1				1.032064e+07				1.241222e+05
590				54				414				352				1				1.000865e+07				1.203701e+05
591				46				47				366				1				1.036126e+07				1.246107e+05
592				58				369				360				1				1.024613e+07				1.232261e+05
593				356				415				414				1				1.003311e+07				1.206642e+05
594				372				374				373				1				1.008818e+07				1.213265e+05
595				360				370				371				1				1.018835e+07				1.225312e+05
596				416				417				418				1				9.825875e+06				1.181719e+05
597				378				396				395				1				9.838293e+06				1.183212e+05
598				378				395				379				1				9.836927e+06				1.183048e+05
599				386				417				416				1				9.825497e+06				1.181674e+05
600				379				406				381				1				9.801003e+06				1.178728e+05
601				48				49				361				1				1.020826e+07				1.227707e+05
602				390				393				391				1				1.000478e+07				1.203236e+05
603				371				372				373				1				1.011691e+07				1.216721e+05
604				375				378				377				1				9.926211e+06				1.193786e+05
605				385				406				407				1				9.725297e+06				1.169623e+05
606				58				59				369				1				1.028796e+07				1.237292e+05
607				55				356				414				1				1.004436e+07				1.207995e+05
608				407				409				408				1				9.659929e+06				1.161761e+05
609				381				385				383				1				9.786877e+06				1.177029e+05
610				57				58				360				1				1.021002e+07				1.227919e+05
611				50				51				354				1				1.007117e+07				1.211219e+05
612				387				416				390				1				9.908960e+06				1.191711e+05
613				381				406				385				1				9.769271e+06				1.174911e+05
614				55				56				356				1				1.007254e+07				1.211384e+05
615				407				412				409				1				9.641665e+06				1.159565e+05
616				363				456				438				1				9.561333e+06				1.149904e+05
617				377				378				379				1				9.879813e+06				1.188206e+05
618				47				48				403				1				1.028666e+07				1.237135e+05
619				390				430				393				1				9.964308e+06				1.198368e+05
620				408				409				410				1				9.642777e+06				1.159698e+05
621				408				411				419				1				9.711582e+06				1.167973e+05
622				53				54				352				1				1.000219e+07				1.202924e+05
623				385				407				408				1				9.700377e+06				1.166626e+05
624				385				408				419				1				9.724301e+06				1.169503e+05
625				373				374				375				1				1.003267e+07				1.206589e+05
626				386				416				387				1				9.867075e+06				1.186674e+05
627				383				419				386				1				9.795805e+06				1.178103e+05
628				387				390				389				1				9.948708e+06				1.196492e+05
629				54				55				414				1				1.002653e+07				1.205850e+05
630				391				393				394				1				1.005774e+07				1.209604e+05
631				57				360				402				1				1.016925e+07				1.223015e+05
632				352				414				431				1				9.997166e+06				1.202319e+05
633				383				386				384				1				9.837631e+06				1.183133e+05
634				381				383				382				1				9.829400e+06				1.182143e+05
635				379				381				380				1				9.843852e+06				1.183881e+05
636				406				421				407				1				9.712119e+06				1.168038e+05
637				383				385				419				1				9.767066e+06				1.174646e+05
638				359				405				450				1				1.012868e+07				1.218136e+05
639				408				410				411				1				9.670437e+06				1.163025e+05
640				375				377				376				1				9.965622e+06				1.198526e+05
641				389				390				391				1				9.994221e+06				1.201965e+05
642				135				136				358				1				9.569574e+06				1.150895e+05
643				111				112				363				1				9.569341e+06				1.150867e+05
644				416				418				430				1				9.872499e+06				1.187326e+05
645				357				418				442				1				9.834235e+06				1.182724e+05
646				384				386				387				1				9.870273e+06				1.187058e+05
647				133				134				353				1				9.707045e+06				1.167428e+05
648				382				383				384				1				9.851073e+06				1.184749e+05
649				377				379				380				1				9.879967e+06				1.188224e+05
650				112				113				420				1				9.629698e+06				1.158126e+05
651				49				50				424				1				1.013400e+07				1.218776e+05
652				380				381				382				1				9.854285e+06				1.185136e+05
653				407				421				412				1				9.668591e+06				1.162803e+05
654				112				420				363				1				9.600594e+06				1.154625e+05
655				360				371				402				1				1.015846e+07				1.221717e+05
656				113				114				351				1				9.705158e+06				1.167201e+05
657				373				375				376				1				1.001427e+07				1.204377e+05
658				115				116				357				1				9.892576e+06				1.189741e+05
659				116				117				422				1				1.000122e+07				1.202807e+05
660				50				354				424				1				1.009643e+07				1.214258e+05
661				117				118				359				1				1.010789e+07				1.215636e+05
662				387				389				388				1				9.945435e+06				1.196098e+05
663				130				131				355				1				9.999666e+06				1.202620e+05
664				113				351				420				1				9.666908e+06				1.162601e+05
665				129				130				425				1				1.010378e+07				1.215142e+05
666				384				387				388				1				9.909290e+06				1.191751e+05
667				388				398				399				1				9.975462e+06				1.199709e+05
668				119				120				364				1				1.028910e+07				1.237429e+05
669				128				129				362				1				1.020189e+07				1.226941e+05
670				380				382				392				1				9.892918e+06				1.189782e+05
671				388				389				398				1				9.979218e+06				1.200161e+05
672				391				394				397				1				1.009449e+07				1.214024e+05
673				376				377				432				1				9.957430e+06				1.197541e+05
674				116				422				357				1				9.945697e+06				1.196130e+05
675				371				426				402				1				1.011415e+07				1.216388e+05
676				382				384				427				1				9.889933e+06				1.189423e+05
677				117				359				422				1				1.005719e+07				1.209538e+05
678				371				373				426				1				1.009304e+07				1.213850e+05
679				394				450				405				1				1.012737e+07				1.217979e+05
680				372				451				374				1				1.011492e+07				1.216481e+05
681				389				391				428				1				1.002954e+07				1.206213e+05
682				375				433				378				1				9.934095e+06				1.194734e+05
683				373				376				426				1				1.004574e+07				1.208161e+05
684				120				121				423				1				1.037170e+07				1.247363e+05
685				352				431				434				1				9.978962e+06				1.200130e+05
686				389				428				398				1				1.001749e+07				1.204763e+05
687				388				399				427				1				9.947862e+06				1.196390e+05
688				390				416				430				1				9.914326e+06				1.192357e+05
689				130				355				425				1				1.005157e+07				1.208863e+05
690				384				388				427				1				9.915128e+06				1.192453e+05
691				53				352				437				1				9.995979e+06				1.202177e+05
692				398				429				399				1				9.999571e+06				1.202609e+05
693				382				427				392				1				9.906482e+06				1.191413e+05
694				414				415				431				1				1.000394e+07				1.203134e+05
695				413				438				456				1				9.553295e+06				1.148937e+05
696				129				425				362				1				1.015232e+07				1.220979e+05
697				359				446				405				1				1.016720e+07				1.222769e+05
698				391				397				428				1				1.007662e+07				1.211876e+05
699				377				380				432				1				9.918648e+06				1.192876e+05
700				380				392				432				1				9.920778e+06				1.193133e+05
701				125				126				368				1				1.043518e+07				1.254997e+05
702				121				122				367				1				1.043492e+07				1.254967e+05
703				120				423				364				1				1.032907e+07				1.242236e+05
704				366				403				435				1				1.030711e+07				1.239595e+05
705				359				450				422				1				1.006798e+07				1.210836e+05
706				358				412				443				1				9.612703e+06				1.156082e+05
707				127				436				401				1				1.033272e+07				1.242675e+05
708				121				367				423				1				1.040530e+07				1.251404e+05
709				352				434				437				1				9.984068e+06				1.200744e+05
710				368				401				454				1				1.040645e+07				1.251543e+05
711				378				433				396				1				9.888358e+06				1.189233e+05
712				410				457				411				1				9.670188e+06				1.162995e+05
713				411				448				417				1				9.742494e+06				1.171691e+05
714				409				453				456				1				9.593357e+06				1.153755e+05
715				413				456				453				1				9.569981e+06				1.150944e+05
716				367				455				423				1				1.040556e+07				1.251435e+05
717				111				363				438				1				9.548237e+06				1.148329e+05
718				128				362				436				1				1.024595e+07				1.232240e+05
719				370				447				372				1				1.019349e+07				1.225931e+05
720				392				427				434				1				9.938530e+06				1.195267e+05
721				392				434				431				1				9.956333e+06				1.197409e+05
722				365				454				401				1				1.037876e+07				1.248212e+05
723				136				441				358				1				9.547815e+06				1.148278e+05
724				135				358				443				1				9.602053e+06				1.154801e+05
725				134				443				353				1				9.670215e+06				1.162998e+05
726				131				132				444				1				9.894562e+06				1.189980e+05
727				413				441				438				1				9.536421e+06				1.146907e+05
728				114				442				351				1				9.746839e+06				1.172214e+05
729				115				357				442				1				9.839500e+06				1.183358e+05
730				132				133				445				1				9.795084e+06				1.178016e+05
731				400				401				436				1				1.031875e+07				1.240996e+05
732				125				368				440				1				1.045660e+07				1.257574e+05
733				122				439				367				1				1.045646e+07				1.257557e+05
734				60				61				454				1				1.042143e+07				1.253344e+05
735				399				434				427				1				9.954358e+06				1.197171e+05
736				45				46				455				1				1.042143e+07				1.253345e+05
737				403				404				435				1				1.025731e+07				1.233606e+05
738				122				123				439				1				1.047488e+07				1.259773e+05
739				124				125				440				1				1.047486e+07				1.259769e+05
740				127				128				436				1				1.029215e+07				1.237795e+05
741				399				437				434				1				9.977547e+06				1.199960e+05
742				118				446				359				1				1.015683e+07				1.221522e+05
743				119				364				446				1				1.024331e+07				1.231923e+05
744				362				447				436				1				1.023493e+07				1.230914e+05
745				363				410				456				1				9.594810e+06				1.153930e+05
746				5				449				137				1				9.504256e+06				1.143039e+05
747				5				110				449				1				9.504256e+06				1.143039e+05
748				399				429				437				1				9.994888e+06				1.202046e+05
749				110				111				438				1				9.525740e+06				1.145623e+05
750				351				442				448				1				9.744828e+06				1.171972e+05
751				411				457				448				1				9.707819e+06				1.167521e+05
752				136				137				441				1				9.525429e+06				1.145586e+05
753				409				456				410				1				9.609050e+06				1.155642e+05
754				400				436				447				1				1.026757e+07				1.234839e+05
755				114				115				442				1				9.793577e+06				1.177835e+05
756				395				396				452				1				9.796863e+06				1.178230e+05
757				358				453				412				1				9.594790e+06				1.153927e+05
758				372				447				451				1				1.016884e+07				1.222966e+05
759				134				135				443				1				9.631028e+06				1.158285e+05
760				438				441				449				1				9.522609e+06				1.145246e+05
761				355				444				433				1				9.944668e+06				1.196006e+05
762				396				433				444				1				9.891855e+06				1.189654e+05
763				44				439				123				1				1.048485e+07				1.260972e+05
764				62				124				440				1				1.048483e+07				1.260968e+05
765				131				444				355				1				9.946088e+06				1.196177e+05
766				133				353				445				1				9.750265e+06				1.172626e+05
767				370				400				447				1				1.024446e+07				1.232061e+05
768				118				119				446				1				1.020231e+07				1.226991e+05
769				418				448				442				1				9.786547e+06				1.176989e+05
770				409				412				453				1				9.609418e+06				1.155687e+05
771				395				452				421				1				9.751330e+06				1.172754e+05
772				417				448				418				1				9.784323e+06				1.176722e+05
773				353				421				452				1				9.723556e+06				1.169413e+05
774				393				450				394				1				1.007169e+07				1.211283e+05
775				396				445				452				1				9.797304e+06				1.178283e+05
776				60				454				365				1				1.038769e+07				1.249286e+05
777				46				366				455				1				1.038726e+07				1.249235e+05
778				362				425				451				1				1.014915e+07				1.220598e+05
779				351				457				420				1				9.672050e+06				1.163219e+05
780				110				438				449				1				9.515873e+06				1.144436e+05
781				362				451				447				1				1.018775e+07				1.225240e+05
782				137				449				441				1				9.515473e+06				1.144388e+05
783				351				448				457				1				9.708547e+06				1.167608e+05
784				353				452				445				1				9.753770e+06				1.173047e+05
785				465				521				518				1				9.578923e+06				1.152019e+05
786				470				517				521				1				9.581018e+06				1.152271e+05
787				458				519				524				1				9.725485e+06				1.169645e+05
788				458				523				519				1				9.677795e+06				1.163910e+05
789				500				530				539				1				9.978489e+06				1.200073e+05
790				470				520				517				1				9.606581e+06				1.155345e+05
791				517				518				521				1				9.594614e+06				1.153906e+05
792				460				538				552				1				9.681325e+06				1.164335e+05
793				520				552				538				1				9.656456e+06				1.161344e+05
794				551				132				503				1				9.823161e+06				1.181393e+05
795				503				132				550				1				9.869078e+06				1.186915e+05
796				464				539				530				1				9.937831e+06				1.195184e+05
797				461				505				522				1				1.002710e+07				1.205920e+05
798				74				461				522				1				1.004174e+07				1.207680e+05
799				468				507				504				1				1.017429e+07				1.223621e+05
800				4				63				124				1				1.049559e+07				1.262263e+05
801				81				1				95				1				1.049559e+07				1.262263e+05
802				468				504				510				1				1.015292e+07				1.221051e+05
803				461				510				535				1				1.008178e+07				1.212496e+05
804				462				531				481				1				1.005534e+07				1.209316e+05
805				504				535				510				1				1.010218e+07				1.214950e+05
806				84				523				85				1				9.628413e+06				1.157971e+05
807				461				535				505				1				1.004075e+07				1.207561e+05
808				471				548				549				1				1.024924e+07				1.232636e+05
809				72				73				543				1				1.000182e+07				1.202879e+05
810				73				74				522				1				1.002549e+07				1.205726e+05
811				465				544				521				1				9.550207e+06				1.148565e+05
812				509				549				548				1				1.020435e+07				1.227237e+05
813				458				524				529				1				9.760597e+06				1.173868e+05
814				126				513				127				1				1.037255e+07				1.247465e+05
815				518				519				523				1				9.645359e+06				1.160009e+05
816				64				475				546				1				1.045602e+07				1.257505e+05
817				80				545				474				1				1.045618e+07				1.257523e+05
818				84				465				523				1				9.596290e+06				1.154108e+05
819				85				523				458				1				9.667718e+06				1.162698e+05
820				126				475				513				1				1.040631e+07				1.251525e+05
821				500				557				530				1				1.003108e+07				1.206398e+05
822				73				522				543				1				1.000714e+07				1.203519e+05
823				483				533				526				1				1.002871e+07				1.206113e+05
824				463				526				533				1				1.005051e+07				1.208735e+05
825				462				481				540				1				1.000302e+07				1.203024e+05
826				481				531				559				1				1.010239e+07				1.214975e+05
827				499				536				532				1				9.951893e+06				1.196875e+05
828				465				518				523				1				9.603059e+06				1.154922e+05
829				468				508				507				1				1.022407e+07				1.229609e+05
830				526				532				536				1				9.981352e+06				1.200418e+05
831				463				533				511				1				1.008885e+07				1.213346e+05
832				524				558				527				1				9.799354e+06				1.178529e+05
833				69				463				511				1				1.009976e+07				1.214658e+05
834				483				526				536				1				9.989069e+06				1.201346e+05
835				64				561				475				1				1.043472e+07				1.254942e+05
836				80				474				562				1				1.043490e+07				1.254964e+05
837				75				76				510				1				1.013543e+07				1.218947e+05
838				76				468				510				1				1.017056e+07				1.223173e+05
839				467				477				476				1				1.023525e+07				1.230952e+05
840				75				510				461				1				1.009759e+07				1.214397e+05
841				68				69				511				1				1.013582e+07				1.218995e+05
842				476				477				512				1				1.026586e+07				1.234634e+05
843				473				508				563				1				1.030268e+07				1.239063e+05
844				470				521				547				1				9.552122e+06				1.148796e+05
845				67				467				476				1				1.024623e+07				1.232273e+05
846				472				512				513				1				1.034134e+07				1.243712e+05
847				472				476				512				1				1.031129e+07				1.240097e+05
848				463				525				526				1				1.003307e+07				1.206638e+05
849				473				555				508				1				1.031219e+07				1.240206e+05
850				63				64				546				1				1.047320e+07				1.259570e+05
851				80				81				545				1				1.047324e+07				1.259575e+05
852				473				562				537				1				1.037816e+07				1.248140e+05
853				486				514				502				1				9.795800e+06				1.178102e+05
854				477				478				479				1				1.016798e+07				1.222862e+05
855				70				525				463				1				1.004439e+07				1.207999e+05
856				467				478				477				1				1.018853e+07				1.225335e+05
857				66				476				472				1				1.032253e+07				1.241450e+05
858				65				66				472				1				1.036173e+07				1.246164e+05
859				78				79				473				1				1.036024e+07				1.245985e+05
860				479				480				481				1				1.008926e+07				1.213396e+05
861				501				507				509				1				1.015103e+07				1.220824e+05
862				485				502				503				1				9.842128e+06				1.183674e+05
863				485				486				502				1				9.838874e+06				1.183282e+05
864				486				488				514				1				9.800758e+06				1.178698e+05
865				497				498				500				1				9.998474e+06				1.202477e+05
866				76				77				468				1				1.021214e+07				1.228173e+05
867				478				480				479				1				1.011740e+07				1.216780e+05
868				68				511				467				1				1.016935e+07				1.223027e+05
869				492				515				514				1				9.724250e+06				1.169497e+05
870				482				484				485				1				9.928141e+06				1.194018e+05
871				515				516				517				1				9.655374e+06				1.161214e+05
872				72				543				459				1				9.995824e+06				1.202158e+05
873				488				490				492				1				9.784162e+06				1.176702e+05
874				71				459				525				1				1.000865e+07				1.203701e+05
875				67				68				467				1				1.021007e+07				1.227925e+05
876				74				75				461				1				1.007113e+07				1.211215e+05
877				488				492				514				1				9.767780e+06				1.174732e+05
878				515				517				520				1				9.642444e+06				1.159658e+05
879				69				70				463				1				1.007258e+07				1.211389e+05
880				494				497				527				1				9.899448e+06				1.190567e+05
881				484				486				485				1				9.881240e+06				1.188378e+05
882				516				518				517				1				9.633406e+06				1.158571e+05
883				516				528				519				1				9.704008e+06				1.167062e+05
884				66				67				476				1				1.028800e+07				1.237297e+05
885				492				516				515				1				9.697189e+06				1.166242e+05
886				71				72				459				1				1.000220e+07				1.202925e+05
887				480				482				481				1				1.003430e+07				1.206785e+05
888				492				528				516				1				9.719046e+06				1.168871e+05
889				459				541				532				1				9.978462e+06				1.200070e+05
890				490				493				528				1				9.790271e+06				1.177437e+05
891				70				71				525				1				1.002655e+07				1.205854e+05
892				493				494				527				1				9.856833e+06				1.185442e+05
893				502				514				538				1				9.751180e+06				1.172736e+05
894				494				496				497				1				9.942185e+06				1.195707e+05
895				459				532				525				1				9.996985e+06				1.202298e+05
896				498				501				500				1				1.004923e+07				1.208581e+05
897				488				489				490				1				9.827048e+06				1.181860e+05
898				490				491				493				1				9.832861e+06				1.182559e+05
899				486				487				488				1				9.843409e+06				1.183828e+05
900				490				528				492				1				9.762800e+06				1.174133e+05
901				516				519				518				1				9.659702e+06				1.161734e+05
902				482				483				484				1				9.966783e+06				1.198665e+05
903				135				470				136				1				9.568076e+06				1.150715e+05
904				496				498				497				1				9.987350e+06				1.201139e+05
905				83				465				84				1				9.566296e+06				1.150500e+05
906				497				500				539				1				9.960637e+06				1.197926e+05
907				524				527				553				1				9.822922e+06				1.181364e+05
908				491				494				493				1				9.864123e+06				1.186319e+05
909				133				460				134				1				9.706840e+06				1.167403e+05
910				489				491				490				1				9.847883e+06				1.184366e+05
911				484				487				486				1				9.880323e+06				1.188267e+05
912				487				489				488				1				9.852921e+06				1.184972e+05
913				467				511				478				1				1.015861e+07				1.221736e+05
914				501				504				507				1				1.013779e+07				1.219232e+05
915				85				458				86				1				9.707088e+06				1.167433e+05
916				525				532				526				1				1.000377e+07				1.203114e+05
917				480				483				482				1				1.001542e+07				1.204514e+05
918				86				529				87				1				9.796620e+06				1.178201e+05
919				87				464				88				1				9.893989e+06				1.189911e+05
920				88				530				89				1				1.000075e+07				1.202750e+05
921				89				466				90				1				1.010723e+07				1.215557e+05
922				494				495				496				1				9.939112e+06				1.195338e+05
923				515				520				538				1				9.672288e+06				1.163248e+05
924				130				462				131				1				1.000146e+07				1.202836e+05
925				491				495				494				1				9.903742e+06				1.191084e+05
926				129				531				130				1				1.010410e+07				1.215180e+05
927				495				506				505				1				9.971998e+06				1.199293e+05
928				91				471				92				1				1.029463e+07				1.238094e+05
929				128				469				129				1				1.020195e+07				1.226947e+05
930				483				536				484				1				9.957823e+06				1.197588e+05
931				487				499				489				1				9.891731e+06				1.189639e+05
932				495				505				496				1				9.974367e+06				1.199578e+05
933				498				504				501				1				1.008574e+07				1.212972e+05
934				86				458				529				1				9.751975e+06				1.172831e+05
935				505				506				522				1				9.997578e+06				1.202369e+05
936				87				529				464				1				9.844061e+06				1.183906e+05
937				88				464				530				1				9.946658e+06				1.196245e+05
938				489				534				491				1				9.887030e+06				1.189074e+05
939				459				543				541				1				9.983526e+06				1.200679e+05
940				89				530				466				1				1.005605e+07				1.209402e+05
941				478				511				533				1				1.011434e+07				1.216411e+05
942				519				558				524				1				9.746887e+06				1.172219e+05
943				478				533				480				1				1.009345e+07				1.213899e+05
944				496				535				498				1				1.002354e+07				1.205491e+05
945				484				536				487				1				9.918644e+06				1.192876e+05
946				496				505				535				1				1.001327e+07				1.204256e+05
947				480				533				483				1				1.004632e+07				1.208231e+05
948				92				537				93				1				1.037327e+07				1.247552e+05
949				495				534				506				1				9.944571e+06				1.195994e+05
950				130				531				462				1				1.005368e+07				1.209116e+05
951				491				534				495				1				9.911187e+06				1.191979e+05
952				485				503				540				1				9.893033e+06				1.189796e+05
953				489				499				534				1				9.904604e+06				1.191187e+05
954				129				469				531				1				1.015269e+07				1.221024e+05
955				487				536				499				1				9.920146e+06				1.193057e+05
956				498				535				504				1				1.007091e+07				1.211188e+05
957				466				509				548				1				1.016065e+07				1.221981e+05
958				125				475				126				1				1.043518e+07				1.254998e+05
959				481				482				540				1				9.994070e+06				1.201947e+05
960				93				474				94				1				1.043529e+07				1.255010e+05
961				92				471				537				1				1.033587e+07				1.243055e+05
962				466				557				509				1				1.011759e+07				1.216802e+05
963				514				515				538				1				9.712896e+06				1.168131e+05
964				479				481				559				1				1.011588e+07				1.216597e+05
965				497				539				527				1				9.906888e+06				1.191462e+05
966				127				513				542				1				1.033277e+07				1.242681e+05
967				93				537				474				1				1.040712e+07				1.251622e+05
968				475				561				513				1				1.040649e+07				1.251547e+05
969				470				552				520				1				9.612912e+06				1.156107e+05
970				482				485				540				1				9.937000e+06				1.195083e+05
971				474				537				562				1				1.040743e+07				1.251660e+05
972				83				544				465				1				9.544338e+06				1.147860e+05
973				128				542				469				1				1.024603e+07				1.232250e+05
974				499				532				541				1				9.955513e+06				1.197310e+05
975				477				479				554				1				1.019381e+07				1.225969e+05
976				499				541				534				1				9.937011e+06				1.195085e+05
977				136				470				547				1				9.546113e+06				1.148073e+05
978				472				513				561				1				1.037882e+07				1.248219e+05
979				507				508				549				1				1.023561e+07				1.230997e+05
980				521				544				547				1				9.536991e+06				1.146976e+05
981				468				563				508				1				1.025527e+07				1.233360e+05
982				507				549				509				1				1.019893e+07				1.226585e+05
983				131				550				132				1				9.902843e+06				1.190976e+05
984				135				552				470				1				9.598999e+06				1.154434e+05
985				132				551				133				1				9.790477e+06				1.177462e+05
986				78				473				563				1				1.032210e+07				1.241398e+05
987				134				460				552				1				9.668162e+06				1.162751e+05
988				493				527				558				1				9.814414e+06				1.180341e+05
989				464				529				553				1				9.843767e+06				1.183871e+05
990				466				530				557				1				1.006475e+07				1.210447e+05
991				512				542				513				1				1.031885e+07				1.241007e+05
992				77				563				468				1				1.024937e+07				1.232651e+05
993				125				546				475				1				1.045661e+07				1.257575e+05
994				94				474				545				1				1.045674e+07				1.257591e+05
995				90				466				548				1				1.015893e+07				1.221774e+05
996				64				65				561				1				1.042144e+07				1.253346e+05
997				501				509				557				1				1.011300e+07				1.216250e+05
998				79				80				562				1				1.042151e+07				1.253353e+05
999				91				548				471				1				1.025156e+07				1.232915e+05
1000				94				545				95				1				1.047488e+07				1.259773e+05
1001				124				546				125				1				1.047486e+07				1.259770e+05
1002				519				528				558				1				9.737696e+06				1.171114e+05
1003				524				553				529				1				9.804834e+06				1.179188e+05
1004				464				553				539				1				9.885270e+06				1.188862e+05
1005				127				542				128				1				1.029217e+07				1.237799e+05
1006				506				534				541				1				9.952416e+06				1.196938e+05
1007				506				541				543				1				9.976344e+06				1.199815e+05
1008				473				537				555				1				1.034674e+07				1.244361e+05
1009				469				542				554				1				1.023511e+07				1.230936e+05
1010				5				556				82				1				9.504256e+06				1.143039e+05
1011				5				137				556				1				9.504256e+06				1.143039e+05
1012				506				543				522				1				9.993733e+06				1.201907e+05
1013				503				550				540				1				9.903762e+06				1.191086e+05
1014				82				544				83				1				9.524615e+06				1.145488e+05
1015				502				560				503				1				9.800633e+06				1.178683e+05
1016				136				547				137				1				9.524613e+06				1.145487e+05
1017				462				540				550				1				9.955860e+06				1.197352e+05
1018				544				556				547				1				9.521098e+06				1.145065e+05
1019				512				554				542				1				1.026774e+07				1.234860e+05
1020				479				559				554				1				1.016924e+07				1.223014e+05
1021				81				95				545				1				1.048485e+07				1.260972e+05
1022				63				546				124				1				1.048483e+07				1.260969e+05
1023				90				548				91				1				1.020504e+07				1.227319e+05
1024				133				551				460				1				9.745600e+06				1.172065e+05
1025				134				552				135				1				9.629464e+06				1.158097e+05
1026				131				462				550				1				9.956234e+06				1.197397e+05
1027				508				555				549				1				1.027704e+07				1.235978e+05
1028				527				539				553				1				9.871412e+06				1.187195e+05
1029				477				554				512				1				1.024468e+07				1.232087e+05
1030				471				555				537				1				1.032816e+07				1.242126e+05
1031				502				538				560				1				9.753616e+06				1.173029e+05
1032				503				560				551				1				9.795934e+06				1.178118e+05
1033				500				501				557				1				1.006395e+07				1.210352e+05
1034				493				558				528				1				9.780124e+06				1.176217e+05
1035				65				472				561				1				1.038773e+07				1.249291e+05
1036				79				562				473				1				1.038636e+07				1.249127e+05
1037				460				560				538				1				9.724765e+06				1.169559e+05
1038				77				78				563				1				1.028869e+07				1.237380e+05
1039				469				559				531				1				1.014968e+07				1.220662e+05
1040				471				549				555				1				1.028481e+07				1.236914e+05
1041				82				556				544				1				9.514915e+06				1.144321e+05
1042				469				554				559				1				1.018806e+07				1.225278e+05
1043				137				547				556				1				9.514948e+06				1.144325e+05
1044				460				551				560				1				9.750001e+06				1.172594e+05
