Indices    Coordinate_x    Coordinate_y    Velocity_x   Velocity_y
1	0.000000E+00	0.000000E+00	0.000000E+00	0.000000E+00
2	3.125000E-02	0.000000E+00	-1.000000E+00	-0.000000E+00
3	6.250000E-02	0.000000E+00	-1.000000E+00	-0.000000E+00
4	9.375000E-02	0.000000E+00	-1.000000E+00	-0.000000E+00
5	1.250000E-01	0.000000E+00	-1.000000E+00	-0.000000E+00
6	1.562500E-01	0.000000E+00	-1.000000E+00	-0.000000E+00
7	1.875000E-01	0.000000E+00	-1.000000E+00	-0.000000E+00
8	2.187500E-01	0.000000E+00	-1.000000E+00	-0.000000E+00
9	2.500000E-01	0.000000E+00	-1.000000E+00	-0.000000E+00
10	2.812500E-01	0.000000E+00	-1.000000E+00	-0.000000E+00
11	3.125000E-01	0.000000E+00	-1.000000E+00	-0.000000E+00
12	3.437500E-01	0.000000E+00	-1.000000E+00	-0.000000E+00
13	3.750000E-01	0.000000E+00	-1.000000E+00	-0.000000E+00
14	4.062500E-01	0.000000E+00	-1.000000E+00	-0.000000E+00
15	4.375000E-01	0.000000E+00	-1.000000E+00	-0.000000E+00
16	4.687500E-01	0.000000E+00	-1.000000E+00	-0.000000E+00
17	5.000000E-01	0.000000E+00	-1.000000E+00	-0.000000E+00
18	5.312500E-01	0.000000E+00	-1.000000E+00	-0.000000E+00
19	5.625000E-01	0.000000E+00	-1.000000E+00	-0.000000E+00
20	5.937500E-01	0.000000E+00	-1.000000E+00	-0.000000E+00
21	6.250000E-01	0.000000E+00	-1.000000E+00	-0.000000E+00
22	6.562500E-01	0.000000E+00	-1.000000E+00	-0.000000E+00
23	6.875000E-01	0.000000E+00	-1.000000E+00	-0.000000E+00
24	7.187500E-01	0.000000E+00	-1.000000E+00	-0.000000E+00
25	7.500000E-01	0.000000E+00	-1.000000E+00	-0.000000E+00
26	7.812500E-01	0.000000E+00	-1.000000E+00	-0.000000E+00
27	8.125000E-01	0.000000E+00	-1.000000E+00	-0.000000E+00
28	8.437500E-01	0.000000E+00	-1.000000E+00	-0.000000E+00
29	8.750000E-01	0.000000E+00	-1.000000E+00	-0.000000E+00
30	9.062500E-01	0.000000E+00	-1.000000E+00	-0.000000E+00
31	9.375000E-01	0.000000E+00	-1.000000E+00	-0.000000E+00
32	9.687500E-01	0.000000E+00	-1.000000E+00	-0.000000E+00
33	1.000000E+00	0.000000E+00	-1.000000E+00	-0.000000E+00
34	1.031250E+00	0.000000E+00	-1.000000E+00	-0.000000E+00
35	0.000000E+00	3.125000E-02	-0.000000E+00	-1.000000E+00
36	3.125000E-02	3.125000E-02	-7.071068E-01	-7.071068E-01
37	6.250000E-02	3.125000E-02	-8.944272E-01	-4.472136E-01
38	9.375000E-02	3.125000E-02	-9.486833E-01	-3.162278E-01
39	1.250000E-01	3.125000E-02	-9.701425E-01	-2.425356E-01
40	1.562500E-01	3.125000E-02	-9.805807E-01	-1.961161E-01
41	1.875000E-01	3.125000E-02	-9.863939E-01	-1.643990E-01
42	2.187500E-01	3.125000E-02	-9.899495E-01	-1.414214E-01
43	2.500000E-01	3.125000E-02	-9.922779E-01	-1.240347E-01
44	2.812500E-01	3.125000E-02	-9.938837E-01	-1.104315E-01
45	3.125000E-01	3.125000E-02	-9.950372E-01	-9.950372E-02
46	3.437500E-01	3.125000E-02	-9.958932E-01	-9.053575E-02
47	3.750000E-01	3.125000E-02	-9.965458E-01	-8.304548E-02
48	4.062500E-01	3.125000E-02	-9.970545E-01	-7.669650E-02
49	4.375000E-01	3.125000E-02	-9.974587E-01	-7.124705E-02
50	4.687500E-01	3.125000E-02	-9.977852E-01	-6.651901E-02
51	5.000000E-01	3.125000E-02	-9.980526E-01	-6.237829E-02
52	5.312500E-01	3.125000E-02	-9.982744E-01	-5.872202E-02
53	5.625000E-01	3.125000E-02	-9.984604E-01	-5.547002E-02
54	5.937500E-01	3.125000E-02	-9.986178E-01	-5.255883E-02
55	6.250000E-01	3.125000E-02	-9.987523E-01	-4.993762E-02
56	6.562500E-01	3.125000E-02	-9.988681E-01	-4.756515E-02
57	6.875000E-01	3.125000E-02	-9.989685E-01	-4.540766E-02
58	7.187500E-01	3.125000E-02	-9.990562E-01	-4.343722E-02
59	7.500000E-01	3.125000E-02	-9.991331E-01	-4.163054E-02
60	7.812500E-01	3.125000E-02	-9.992010E-01	-3.996804E-02
61	8.125000E-01	3.125000E-02	-9.992612E-01	-3.843312E-02
62	8.437500E-01	3.125000E-02	-9.993148E-01	-3.701166E-02
63	8.750000E-01	3.125000E-02	-9.993629E-01	-3.569153E-02
64	9.062500E-01	3.125000E-02	-9.994060E-01	-3.446228E-02
65	9.375000E-01	3.125000E-02	-9.994449E-01	-3.331483E-02
66	9.687500E-01	3.125000E-02	-9.994801E-01	-3.224129E-02
67	1.000000E+00	3.125000E-02	-9.995121E-01	-3.123475E-02
68	1.031250E+00	3.125000E-02	-9.995412E-01	-3.028913E-02
69	0.000000E+00	6.250000E-02	-0.000000E+00	-1.000000E+00
70	3.125000E-02	6.250000E-02	-4.472136E-01	-8.944272E-01
71	6.250000E-02	6.250000E-02	-7.071068E-01	-7.071068E-01
72	9.375000E-02	6.250000E-02	-8.320503E-01	-5.547002E-01
73	1.250000E-01	6.250000E-02	-8.944272E-01	-4.472136E-01
74	1.562500E-01	6.250000E-02	-9.284767E-01	-3.713907E-01
75	1.875000E-01	6.250000E-02	-9.486833E-01	-3.162278E-01
76	2.187500E-01	6.250000E-02	-9.615239E-01	-2.747211E-01
77	2.500000E-01	6.250000E-02	-9.701425E-01	-2.425356E-01
78	2.812500E-01	6.250000E-02	-9.761871E-01	-2.169305E-01
79	3.125000E-01	6.250000E-02	-9.805807E-01	-1.961161E-01
80	3.437500E-01	6.250000E-02	-9.838699E-01	-1.788854E-01
81	3.750000E-01	6.250000E-02	-9.863939E-01	-1.643990E-01
82	4.062500E-01	6.250000E-02	-9.883717E-01	-1.520572E-01
83	4.375000E-01	6.250000E-02	-9.899495E-01	-1.414214E-01
84	4.687500E-01	6.250000E-02	-9.912279E-01	-1.321637E-01
85	5.000000E-01	6.250000E-02	-9.922779E-01	-1.240347E-01
86	5.312500E-01	6.250000E-02	-9.931506E-01	-1.168412E-01
87	5.625000E-01	6.250000E-02	-9.938837E-01	-1.104315E-01
88	5.937500E-01	6.250000E-02	-9.945055E-01	-1.046848E-01
89	6.250000E-01	6.250000E-02	-9.950372E-01	-9.950372E-02
90	6.562500E-01	6.250000E-02	-9.954955E-01	-9.480909E-02
91	6.875000E-01	6.250000E-02	-9.958932E-01	-9.053575E-02
92	7.187500E-01	6.250000E-02	-9.962406E-01	-8.662962E-02
93	7.500000E-01	6.250000E-02	-9.965458E-01	-8.304548E-02
94	7.812500E-01	6.250000E-02	-9.968153E-01	-7.974522E-02
95	8.125000E-01	6.250000E-02	-9.970545E-01	-7.669650E-02
96	8.437500E-01	6.250000E-02	-9.972678E-01	-7.387169E-02
97	8.750000E-01	6.250000E-02	-9.974587E-01	-7.124705E-02
98	9.062500E-01	6.250000E-02	-9.976303E-01	-6.880209E-02
99	9.375000E-01	6.250000E-02	-9.977852E-01	-6.651901E-02
100	9.687500E-01	6.250000E-02	-9.979253E-01	-6.438228E-02
101	1.000000E+00	6.250000E-02	-9.980526E-01	-6.237829E-02
102	1.031250E+00	6.250000E-02	-9.981685E-01	-6.049506E-02
103	0.000000E+00	9.375000E-02	-0.000000E+00	-1.000000E+00
104	3.125000E-02	9.375000E-02	-3.162278E-01	-9.486833E-01
105	6.250000E-02	9.375000E-02	-5.547002E-01	-8.320503E-01
106	9.375000E-02	9.375000E-02	-7.071068E-01	-7.071068E-01
107	1.250000E-01	9.375000E-02	-8.000000E-01	-6.000000E-01
108	1.562500E-01	9.375000E-02	-8.574929E-01	-5.144958E-01
109	1.875000E-01	9.375000E-02	-8.944272E-01	-4.472136E-01
110	2.187500E-01	9.375000E-02	-9.191450E-01	-3.939193E-01
111	2.500000E-01	9.375000E-02	-9.363292E-01	-3.511234E-01
112	2.812500E-01	9.375000E-02	-9.486833E-01	-3.162278E-01
113	3.125000E-01	9.375000E-02	-9.578263E-01	-2.873479E-01
114	3.437500E-01	9.375000E-02	-9.647638E-01	-2.631174E-01
115	3.750000E-01	9.375000E-02	-9.701425E-01	-2.425356E-01
116	4.062500E-01	9.375000E-02	-9.743912E-01	-2.248595E-01
117	4.375000E-01	9.375000E-02	-9.778024E-01	-2.095291E-01
118	4.687500E-01	9.375000E-02	-9.805807E-01	-1.961161E-01
119	5.000000E-01	9.375000E-02	-9.828722E-01	-1.842885E-01
120	5.312500E-01	9.375000E-02	-9.847836E-01	-1.737853E-01
121	5.625000E-01	9.375000E-02	-9.863939E-01	-1.643990E-01
122	5.937500E-01	9.375000E-02	-9.877630E-01	-1.559626E-01
123	6.250000E-01	9.375000E-02	-9.889364E-01	-1.483405E-01
124	6.562500E-01	9.375000E-02	-9.899495E-01	-1.414214E-01
125	6.875000E-01	9.375000E-02	-9.908302E-01	-1.351132E-01
126	7.187500E-01	9.375000E-02	-9.916004E-01	-1.293392E-01
127	7.500000E-01	9.375000E-02	-9.922779E-01	-1.240347E-01
128	7.812500E-01	9.375000E-02	-9.928768E-01	-1.191452E-01
129	8.125000E-01	9.375000E-02	-9.934089E-01	-1.146241E-01
130	8.437500E-01	9.375000E-02	-9.938837E-01	-1.104315E-01
131	8.750000E-01	9.375000E-02	-9.943092E-01	-1.065331E-01
132	9.062500E-01	9.375000E-02	-9.946918E-01	-1.028992E-01
133	9.375000E-01	9.375000E-02	-9.950372E-01	-9.950372E-02
134	9.687500E-01	9.375000E-02	-9.953500E-01	-9.632419E-02
135	1.000000E+00	9.375000E-02	-9.956342E-01	-9.334071E-02
136	1.031250E+00	9.375000E-02	-9.958932E-01	-9.053575E-02
137	0.000000E+00	1.250000E-01	-0.000000E+00	-1.000000E+00
138	3.125000E-02	1.250000E-01	-2.425356E-01	-9.701425E-01
139	6.250000E-02	1.250000E-01	-4.472136E-01	-8.944272E-01
140	9.375000E-02	1.250000E-01	-6.000000E-01	-8.000000E-01
141	1.250000E-01	1.250000E-01	-7.071068E-01	-7.071068E-01
142	1.562500E-01	1.250000E-01	-7.808688E-01	-6.246950E-01
143	1.875000E-01	1.250000E-01	-8.320503E-01	-5.547002E-01
144	2.187500E-01	1.250000E-01	-8.682431E-01	-4.961389E-01
145	2.500000E-01	1.250000E-01	-8.944272E-01	-4.472136E-01
146	2.812500E-01	1.250000E-01	-9.138115E-01	-4.061385E-01
147	3.125000E-01	1.250000E-01	-9.284767E-01	-3.713907E-01
148	3.437500E-01	1.250000E-01	-9.397934E-01	-3.417431E-01
149	3.750000E-01	1.250000E-01	-9.486833E-01	-3.162278E-01
150	4.062500E-01	1.250000E-01	-9.557790E-01	-2.940858E-01
151	4.375000E-01	1.250000E-01	-9.615239E-01	-2.747211E-01
152	4.687500E-01	1.250000E-01	-9.662349E-01	-2.576627E-01
153	5.000000E-01	1.250000E-01	-9.701425E-01	-2.425356E-01
154	5.312500E-01	1.250000E-01	-9.734172E-01	-2.290393E-01
155	5.625000E-01	1.250000E-01	-9.761871E-01	-2.169305E-01
156	5.937500E-01	1.250000E-01	-9.785498E-01	-2.060105E-01
157	6.250000E-01	1.250000E-01	-9.805807E-01	-1.961161E-01
158	6.562500E-01	1.250000E-01	-9.823386E-01	-1.871121E-01
159	6.875000E-01	1.250000E-01	-9.838699E-01	-1.788854E-01
160	7.187500E-01	1.250000E-01	-9.852118E-01	-1.713412E-01
161	7.500000E-01	1.250000E-01	-9.863939E-01	-1.643990E-01
162	7.812500E-01	1.250000E-01	-9.874406E-01	-1.579905E-01
163	8.125000E-01	1.250000E-01	-9.883717E-01	-1.520572E-01
164	8.437500E-01	1.250000E-01	-9.892035E-01	-1.465487E-01
165	8.750000E-01	1.250000E-01	-9.899495E-01	-1.414214E-01
166	9.062500E-01	1.250000E-01	-9.906211E-01	-1.366374E-01
167	9.375000E-01	1.250000E-01	-9.912279E-01	-1.321637E-01
168	9.687500E-01	1.250000E-01	-9.917779E-01	-1.279713E-01
169	1.000000E+00	1.250000E-01	-9.922779E-01	-1.240347E-01
170	1.031250E+00	1.250000E-01	-9.927338E-01	-1.203314E-01
171	0.000000E+00	1.562500E-01	-0.000000E+00	-1.000000E+00
172	3.125000E-02	1.562500E-01	-1.961161E-01	-9.805807E-01
173	6.250000E-02	1.562500E-01	-3.713907E-01	-9.284767E-01
174	9.375000E-02	1.562500E-01	-5.144958E-01	-8.574929E-01
175	1.250000E-01	1.562500E-01	-6.246950E-01	-7.808688E-01
176	1.562500E-01	1.562500E-01	-7.071068E-01	-7.071068E-01
177	1.875000E-01	1.562500E-01	-7.682213E-01	-6.401844E-01
178	2.187500E-01	1.562500E-01	-8.137335E-01	-5.812382E-01
179	2.500000E-01	1.562500E-01	-8.479983E-01	-5.299989E-01
180	2.812500E-01	1.562500E-01	-8.741573E-01	-4.856429E-01
181	3.125000E-01	1.562500E-01	-8.944272E-01	-4.472136E-01
182	3.437500E-01	1.562500E-01	-9.103665E-01	-4.138029E-01
183	3.750000E-01	1.562500E-01	-9.230769E-01	-3.846154E-01
184	4.062500E-01	1.562500E-01	-9.333456E-01	-3.589791E-01
185	4.375000E-01	1.562500E-01	-9.417419E-01	-3.363364E-01
186	4.687500E-01	1.562500E-01	-9.486833E-01	-3.162278E-01
187	5.000000E-01	1.562500E-01	-9.544800E-01	-2.982750E-01
188	5.312500E-01	1.562500E-01	-9.593655E-01	-2.821663E-01
189	5.625000E-01	1.562500E-01	-9.635179E-01	-2.676439E-01
190	5.937500E-01	1.562500E-01	-9.670745E-01	-2.544933E-01
191	6.250000E-01	1.562500E-01	-9.701425E-01	-2.425356E-01
192	6.562500E-01	1.562500E-01	-9.728062E-01	-2.316205E-01
193	6.875000E-01	1.562500E-01	-9.751329E-01	-2.216211E-01
194	7.187500E-01	1.562500E-01	-9.771764E-01	-2.124296E-01
195	7.500000E-01	1.562500E-01	-9.789804E-01	-2.039543E-01
196	7.812500E-01	1.562500E-01	-9.805807E-01	-1.961161E-01
197	8.125000E-01	1.562500E-01	-9.820064E-01	-1.888474E-01
198	8.437500E-01	1.562500E-01	-9.832820E-01	-1.820893E-01
199	8.750000E-01	1.562500E-01	-9.844276E-01	-1.757906E-01
200	9.062500E-01	1.562500E-01	-9.854601E-01	-1.699069E-01
201	9.375000E-01	1.562500E-01	-9.863939E-01	-1.643990E-01
202	9.687500E-01	1.562500E-01	-9.872411E-01	-1.592324E-01
203	1.000000E+00	1.562500E-01	-9.880120E-01	-1.543769E-01
204	1.031250E+00	1.562500E-01	-9.887155E-01	-1.498054E-01
205	0.000000E+00	1.875000E-01	-0.000000E+00	-1.000000E+00
206	3.125000E-02	1.875000E-01	-1.643990E-01	-9.863939E-01
207	6.250000E-02	1.875000E-01	-3.162278E-01	-9.486833E-01
208	9.375000E-02	1.875000E-01	-4.472136E-01	-8.944272E-01
209	1.250000E-01	1.875000E-01	-5.547002E-01	-8.320503E-01
210	1.562500E-01	1.875000E-01	-6.401844E-01	-7.682213E-01
211	1.875000E-01	1.875000E-01	-7.071068E-01	-7.071068E-01
212	2.187500E-01	1.875000E-01	-7.592566E-01	-6.507914E-01
213	2.500000E-01	1.875000E-01	-8.000000E-01	-6.000000E-01
214	2.812500E-01	1.875000E-01	-8.320503E-01	-5.547002E-01
215	3.125000E-01	1.875000E-01	-8.574929E-01	-5.144958E-01
216	3.437500E-01	1.875000E-01	-8.778956E-01	-4.788521E-01
217	3.750000E-01	1.875000E-01	-8.944272E-01	-4.472136E-01
218	4.062500E-01	1.875000E-01	-9.079594E-01	-4.190582E-01
219	4.375000E-01	1.875000E-01	-9.191450E-01	-3.939193E-01
220	4.687500E-01	1.875000E-01	-9.284767E-01	-3.713907E-01
221	5.000000E-01	1.875000E-01	-9.363292E-01	-3.511234E-01
222	5.312500E-01	1.875000E-01	-9.429903E-01	-3.328201E-01
223	5.625000E-01	1.875000E-01	-9.486833E-01	-3.162278E-01
224	5.937500E-01	1.875000E-01	-9.535827E-01	-3.011314E-01
225	6.250000E-01	1.875000E-01	-9.578263E-01	-2.873479E-01
226	6.562500E-01	1.875000E-01	-9.615239E-01	-2.747211E-01
227	6.875000E-01	1.875000E-01	-9.647638E-01	-2.631174E-01
228	7.187500E-01	1.875000E-01	-9.676173E-01	-2.524219E-01
229	7.500000E-01	1.875000E-01	-9.701425E-01	-2.425356E-01
230	7.812500E-01	1.875000E-01	-9.723873E-01	-2.333730E-01
231	8.125000E-01	1.875000E-01	-9.743912E-01	-2.248595E-01
232	8.437500E-01	1.875000E-01	-9.761871E-01	-2.169305E-01
233	8.750000E-01	1.875000E-01	-9.778024E-01	-2.095291E-01
234	9.062500E-01	1.875000E-01	-9.792604E-01	-2.026056E-01
235	9.375000E-01	1.875000E-01	-9.805807E-01	-1.961161E-01
236	9.687500E-01	1.875000E-01	-9.817799E-01	-1.900219E-01
237	1.000000E+00	1.875000E-01	-9.828722E-01	-1.842885E-01
238	1.031250E+00	1.875000E-01	-9.838699E-01	-1.788854E-01
239	0.000000E+00	2.187500E-01	-0.000000E+00	-1.000000E+00
240	3.125000E-02	2.187500E-01	-1.414214E-01	-9.899495E-01
241	6.250000E-02	2.187500E-01	-2.747211E-01	-9.615239E-01
242	9.375000E-02	2.187500E-01	-3.939193E-01	-9.191450E-01
243	1.250000E-01	2.187500E-01	-4.961389E-01	-8.682431E-01
244	1.562500E-01	2.187500E-01	-5.812382E-01	-8.137335E-01
245	1.875000E-01	2.187500E-01	-6.507914E-01	-7.592566E-01
246	2.187500E-01	2.187500E-01	-7.071068E-01	-7.071068E-01
247	2.500000E-01	2.187500E-01	-7.525767E-01	-6.585046E-01
248	2.812500E-01	2.187500E-01	-7.893522E-01	-6.139406E-01
249	3.125000E-01	2.187500E-01	-8.192319E-01	-5.734623E-01
250	3.437500E-01	2.187500E-01	-8.436615E-01	-5.368755E-01
251	3.750000E-01	2.187500E-01	-8.637789E-01	-5.038710E-01
252	4.062500E-01	2.187500E-01	-8.804711E-01	-4.740998E-01
253	4.375000E-01	2.187500E-01	-8.944272E-01	-4.472136E-01
254	4.687500E-01	2.187500E-01	-9.061831E-01	-4.228855E-01
255	5.000000E-01	2.187500E-01	-9.161573E-01	-4.008188E-01
256	5.312500E-01	2.187500E-01	-9.246781E-01	-3.807498E-01
257	5.625000E-01	2.187500E-01	-9.320047E-01	-3.624463E-01
258	5.937500E-01	2.187500E-01	-9.383431E-01	-3.457054E-01
259	6.250000E-01	2.187500E-01	-9.438584E-01	-3.303504E-01
260	6.562500E-01	2.187500E-01	-9.486833E-01	-3.162278E-01
261	6.875000E-01	2.187500E-01	-9.529258E-01	-3.032037E-01
262	7.187500E-01	2.187500E-01	-9.566739E-01	-2.911616E-01
263	7.500000E-01	2.187500E-01	-9.600000E-01	-2.800000E-01
264	7.812500E-01	2.187500E-01	-9.629640E-01	-2.696299E-01
265	8.125000E-01	2.187500E-01	-9.656158E-01	-2.599735E-01
266	8.437500E-01	2.187500E-01	-9.679969E-01	-2.509622E-01
267	8.750000E-01	2.187500E-01	-9.701425E-01	-2.425356E-01
268	9.062500E-01	2.187500E-01	-9.720822E-01	-2.346405E-01
269	9.375000E-01	2.187500E-01	-9.738412E-01	-2.272296E-01
270	9.687500E-01	2.187500E-01	-9.754410E-01	-2.202609E-01
271	1.000000E+00	2.187500E-01	-9.769000E-01	-2.136969E-01
272	1.031250E+00	2.187500E-01	-9.782341E-01	-2.075042E-01
273	0.000000E+00	2.500000E-01	-0.000000E+00	-1.000000E+00
274	3.125000E-02	2.500000E-01	-1.240347E-01	-9.922779E-01
275	6.250000E-02	2.500000E-01	-2.425356E-01	-9.701425E-01
276	9.375000E-02	2.500000E-01	-3.511234E-01	-9.363292E-01
277	1.250000E-01	2.500000E-01	-4.472136E-01	-8.944272E-01
278	1.562500E-01	2.500000E-01	-5.299989E-01	-8.479983E-01
279	1.875000E-01	2.500000E-01	-6.000000E-01	-8.000000E-01
280	2.187500E-01	2.500000E-01	-6.585046E-01	-7.525767E-01
281	2.500000E-01	2.500000E-01	-7.071068E-01	-7.071068E-01
282	2.812500E-01	2.500000E-01	-7.474093E-01	-6.643638E-01
283	3.125000E-01	2.500000E-01	-7.808688E-01	-6.246950E-01
284	3.437500E-01	2.500000E-01	-8.087361E-01	-5.881717E-01
285	3.750000E-01	2.500000E-01	-8.320503E-01	-5.547002E-01
286	4.062500E-01	2.500000E-01	-8.516583E-01	-5.240974E-01
287	4.375000E-01	2.500000E-01	-8.682431E-01	-4.961389E-01
288	4.687500E-01	2.500000E-01	-8.823529E-01	-4.705882E-01
289	5.000000E-01	2.500000E-01	-8.944272E-01	-4.472136E-01
290	5.312500E-01	2.500000E-01	-9.048187E-01	-4.257970E-01
291	5.625000E-01	2.500000E-01	-9.138115E-01	-4.061385E-01
292	5.937500E-01	2.500000E-01	-9.216354E-01	-3.880570E-01
293	6.250000E-01	2.500000E-01	-9.284767E-01	-3.713907E-01
294	6.562500E-01	2.500000E-01	-9.344877E-01	-3.559953E-01
295	6.875000E-01	2.500000E-01	-9.397934E-01	-3.417431E-01
296	7.187500E-01	2.500000E-01	-9.444968E-01	-3.285206E-01
297	7.500000E-01	2.500000E-01	-9.486833E-01	-3.162278E-01
298	7.812500E-01	2.500000E-01	-9.524241E-01	-3.047757E-01
299	8.125000E-01	2.500000E-01	-9.557790E-01	-2.940858E-01
300	8.437500E-01	2.500000E-01	-9.587981E-01	-2.840883E-01
301	8.750000E-01	2.500000E-01	-9.615239E-01	-2.747211E-01
302	9.062500E-01	2.500000E-01	-9.639926E-01	-2.659290E-01
303	9.375000E-01	2.500000E-01	-9.662349E-01	-2.576627E-01
304	9.687500E-01	2.500000E-01	-9.682773E-01	-2.498780E-01
305	1.000000E+00	2.500000E-01	-9.701425E-01	-2.425356E-01
306	1.031250E+00	2.500000E-01	-9.718501E-01	-2.356000E-01
307	0.000000E+00	2.812500E-01	-0.000000E+00	-1.000000E+00
308	3.125000E-02	2.812500E-01	-1.104315E-01	-9.938837E-01
309	6.250000E-02	2.812500E-01	-2.169305E-01	-9.761871E-01
310	9.375000E-02	2.812500E-01	-3.162278E-01	-9.486833E-01
311	1.250000E-01	2.812500E-01	-4.061385E-01	-9.138115E-01
312	1.562500E-01	2.812500E-01	-4.856429E-01	-8.741573E-01
313	1.875000E-01	2.812500E-01	-5.547002E-01	-8.320503E-01
314	2.187500E-01	2.812500E-01	-6.139406E-01	-7.893522E-01
315	2.500000E-01	2.812500E-01	-6.643638E-01	-7.474093E-01
316	2.812500E-01	2.812500E-01	-7.071068E-01	-7.071068E-01
317	3.125000E-01	2.812500E-01	-7.432941E-01	-6.689647E-01
318	3.437500E-01	2.812500E-01	-7.739573E-01	-6.332378E-01
319	3.750000E-01	2.812500E-01	-8.000000E-01	-6.000000E-01
320	4.062500E-01	2.812500E-01	-8.221922E-01	-5.692100E-01
321	4.375000E-01	2.812500E-01	-8.411785E-01	-5.407576E-01
322	4.687500E-01	2.812500E-01	-8.574929E-01	-5.144958E-01
323	5.000000E-01	2.812500E-01	-8.715755E-01	-4.902612E-01
324	5.312500E-01	2.812500E-01	-8.837879E-01	-4.678877E-01
325	5.625000E-01	2.812500E-01	-8.944272E-01	-4.472136E-01
326	5.937500E-01	2.812500E-01	-9.037378E-01	-4.280863E-01
327	6.250000E-01	2.812500E-01	-9.119215E-01	-4.103647E-01
328	6.562500E-01	2.812500E-01	-9.191450E-01	-3.939193E-01
329	6.875000E-01	2.812500E-01	-9.255470E-01	-3.786328E-01
330	7.187500E-01	2.812500E-01	-9.312428E-01	-3.643993E-01
331	7.500000E-01	2.812500E-01	-9.363292E-01	-3.511234E-01
332	7.812500E-01	2.812500E-01	-9.408874E-01	-3.387195E-01
333	8.125000E-01	2.812500E-01	-9.449861E-01	-3.271106E-01
334	8.437500E-01	2.812500E-01	-9.486833E-01	-3.162278E-01
335	8.750000E-01	2.812500E-01	-9.520286E-01	-3.060092E-01
336	9.062500E-01	2.812500E-01	-9.550641E-01	-2.963992E-01
337	9.375000E-01	2.812500E-01	-9.578263E-01	-2.873479E-01
338	9.687500E-01	2.812500E-01	-9.603462E-01	-2.788102E-01
339	1.000000E+00	2.812500E-01	-9.626509E-01	-2.707456E-01
340	1.031250E+00	2.812500E-01	-9.647638E-01	-2.631174E-01
341	0.000000E+00	3.125000E-01	-0.000000E+00	-1.000000E+00
342	3.125000E-02	3.125000E-01	-9.950372E-02	-9.950372E-01
343	6.250000E-02	3.125000E-01	-1.961161E-01	-9.805807E-01
344	9.375000E-02	3.125000E-01	-2.873479E-01	-9.578263E-01
345	1.250000E-01	3.125000E-01	-3.713907E-01	-9.284767E-01
346	1.562500E-01	3.125000E-01	-4.472136E-01	-8.944272E-01
347	1.875000E-01	3.125000E-01	-5.144958E-01	-8.574929E-01
348	2.187500E-01	3.125000E-01	-5.734623E-01	-8.192319E-01
349	2.500000E-01	3.125000E-01	-6.246950E-01	-7.808688E-01
350	2.812500E-01	3.125000E-01	-6.689647E-01	-7.432941E-01
351	3.125000E-01	3.125000E-01	-7.071068E-01	-7.071068E-01
352	3.437500E-01	3.125000E-01	-7.399401E-01	-6.726728E-01
353	3.750000E-01	3.125000E-01	-7.682213E-01	-6.401844E-01
354	4.062500E-01	3.125000E-01	-7.926240E-01	-6.097108E-01
355	4.375000E-01	3.125000E-01	-8.137335E-01	-5.812382E-01
356	4.687500E-01	3.125000E-01	-8.320503E-01	-5.547002E-01
357	5.000000E-01	3.125000E-01	-8.479983E-01	-5.299989E-01
358	5.312500E-01	3.125000E-01	-8.619342E-01	-5.070201E-01
359	5.625000E-01	3.125000E-01	-8.741573E-01	-4.856429E-01
360	5.937500E-01	3.125000E-01	-8.849182E-01	-4.657464E-01
361	6.250000E-01	3.125000E-01	-8.944272E-01	-4.472136E-01
362	6.562500E-01	3.125000E-01	-9.028605E-01	-4.299336E-01
363	6.875000E-01	3.125000E-01	-9.103665E-01	-4.138029E-01
364	7.187500E-01	3.125000E-01	-9.170701E-01	-3.987261E-01
365	7.500000E-01	3.125000E-01	-9.230769E-01	-3.846154E-01
366	7.812500E-01	3.125000E-01	-9.284767E-01	-3.713907E-01
367	8.125000E-01	3.125000E-01	-9.333456E-01	-3.589791E-01
368	8.437500E-01	3.125000E-01	-9.377488E-01	-3.473144E-01
369	8.750000E-01	3.125000E-01	-9.417419E-01	-3.363364E-01
370	9.062500E-01	3.125000E-01	-9.453730E-01	-3.259907E-01
371	9.375000E-01	3.125000E-01	-9.486833E-01	-3.162278E-01
372	9.687500E-01	3.125000E-01	-9.517086E-01	-3.070028E-01
373	1.000000E+00	3.125000E-01	-9.544800E-01	-2.982750E-01
374	1.031250E+00	3.125000E-01	-9.570244E-01	-2.900074E-01
375	0.000000E+00	3.437500E-01	-0.000000E+00	-1.000000E+00
376	3.125000E-02	3.437500E-01	-9.053575E-02	-9.958932E-01
377	6.250000E-02	3.437500E-01	-1.788854E-01	-9.838699E-01
378	9.375000E-02	3.437500E-01	-2.631174E-01	-9.647638E-01
379	1.250000E-01	3.437500E-01	-3.417431E-01	-9.397934E-01
380	1.562500E-01	3.437500E-01	-4.138029E-01	-9.103665E-01
381	1.875000E-01	3.437500E-01	-4.788521E-01	-8.778956E-01
382	2.187500E-01	3.437500E-01	-5.368755E-01	-8.436615E-01
383	2.500000E-01	3.437500E-01	-5.881717E-01	-8.087361E-01
384	2.812500E-01	3.437500E-01	-6.332378E-01	-7.739573E-01
385	3.125000E-01	3.437500E-01	-6.726728E-01	-7.399401E-01
386	3.437500E-01	3.437500E-01	-7.071068E-01	-7.071068E-01
387	3.750000E-01	3.437500E-01	-7.371541E-01	-6.757246E-01
388	4.062500E-01	3.437500E-01	-7.633863E-01	-6.459422E-01
389	4.375000E-01	3.437500E-01	-7.863183E-01	-6.178216E-01
390	4.687500E-01	3.437500E-01	-8.064050E-01	-5.913637E-01
391	5.000000E-01	3.437500E-01	-8.240419E-01	-5.665288E-01
392	5.312500E-01	3.437500E-01	-8.395702E-01	-5.432513E-01
393	5.625000E-01	3.437500E-01	-8.532818E-01	-5.214500E-01
394	5.937500E-01	3.437500E-01	-8.654263E-01	-5.010363E-01
395	6.250000E-01	3.437500E-01	-8.762159E-01	-4.819187E-01
396	6.562500E-01	3.437500E-01	-8.858315E-01	-4.640070E-01
397	6.875000E-01	3.437500E-01	-8.944272E-01	-4.472136E-01
398	7.187500E-01	3.437500E-01	-9.021342E-01	-4.314555E-01
399	7.500000E-01	3.437500E-01	-9.090648E-01	-4.166547E-01
400	7.812500E-01	3.437500E-01	-9.153150E-01	-4.027386E-01
401	8.125000E-01	3.437500E-01	-9.209673E-01	-3.896400E-01
402	8.437500E-01	3.437500E-01	-9.260924E-01	-3.772969E-01
403	8.750000E-01	3.437500E-01	-9.307515E-01	-3.656524E-01
404	9.062500E-01	3.437500E-01	-9.349975E-01	-3.546542E-01
405	9.375000E-01	3.437500E-01	-9.388763E-01	-3.442546E-01
406	9.687500E-01	3.437500E-01	-9.424277E-01	-3.344098E-01
407	1.000000E+00	3.437500E-01	-9.456866E-01	-3.250798E-01
408	1.031250E+00	3.437500E-01	-9.486833E-01	-3.162278E-01
409	0.000000E+00	3.750000E-01	-0.000000E+00	-1.000000E+00
410	3.125000E-02	3.750000E-01	-8.304548E-02	-9.965458E-01
411	6.250000E-02	3.750000E-01	-1.643990E-01	-9.863939E-01
412	9.375000E-02	3.750000E-01	-2.425356E-01	-9.701425E-01
413	1.250000E-01	3.750000E-01	-3.162278E-01	-9.486833E-01
414	1.562500E-01	3.750000E-01	-3.846154E-01	-9.230769E-01
415	1.875000E-01	3.750000E-01	-4.472136E-01	-8.944272E-01
416	2.187500E-01	3.750000E-01	-5.038710E-01	-8.637789E-01
417	2.500000E-01	3.750000E-01	-5.547002E-01	-8.320503E-01
418	2.812500E-01	3.750000E-01	-6.000000E-01	-8.000000E-01
419	3.125000E-01	3.750000E-01	-6.401844E-01	-7.682213E-01
420	3.437500E-01	3.750000E-01	-6.757246E-01	-7.371541E-01
421	3.750000E-01	3.750000E-01	-7.071068E-01	-7.071068E-01
422	4.062500E-01	3.750000E-01	-7.348034E-01	-6.782801E-01
423	4.375000E-01	3.750000E-01	-7.592566E-01	-6.507914E-01
424	4.687500E-01	3.750000E-01	-7.808688E-01	-6.246950E-01
425	5.000000E-01	3.750000E-01	-8.000000E-01	-6.000000E-01
426	5.312500E-01	3.750000E-01	-8.169679E-01	-5.766832E-01
427	5.625000E-01	3.750000E-01	-8.320503E-01	-5.547002E-01
428	5.937500E-01	3.750000E-01	-8.454889E-01	-5.339930E-01
429	6.250000E-01	3.750000E-01	-8.574929E-01	-5.144958E-01
430	6.562500E-01	3.750000E-01	-8.682431E-01	-4.961389E-01
431	6.875000E-01	3.750000E-01	-8.778956E-01	-4.788521E-01
432	7.187500E-01	3.750000E-01	-8.865848E-01	-4.625660E-01
433	7.500000E-01	3.750000E-01	-8.944272E-01	-4.472136E-01
434	7.812500E-01	3.750000E-01	-9.015231E-01	-4.327311E-01
435	8.125000E-01	3.750000E-01	-9.079594E-01	-4.190582E-01
436	8.437500E-01	3.750000E-01	-9.138115E-01	-4.061385E-01
437	8.750000E-01	3.750000E-01	-9.191450E-01	-3.939193E-01
438	9.062500E-01	3.750000E-01	-9.240168E-01	-3.823518E-01
439	9.375000E-01	3.750000E-01	-9.284767E-01	-3.713907E-01
440	9.687500E-01	3.750000E-01	-9.325681E-01	-3.609941E-01
441	1.000000E+00	3.750000E-01	-9.363292E-01	-3.511234E-01
442	1.031250E+00	3.750000E-01	-9.397934E-01	-3.417431E-01
443	0.000000E+00	4.062500E-01	-0.000000E+00	-1.000000E+00
444	3.125000E-02	4.062500E-01	-7.669650E-02	-9.970545E-01
445	6.250000E-02	4.062500E-01	-1.520572E-01	-9.883717E-01
446	9.375000E-02	4.062500E-01	-2.248595E-01	-9.743912E-01
447	1.250000E-01	4.062500E-01	-2.940858E-01	-9.557790E-01
448	1.562500E-01	4.062500E-01	-3.589791E-01	-9.333456E-01
449	1.875000E-01	4.062500E-01	-4.190582E-01	-9.079594E-01
450	2.187500E-01	4.062500E-01	-4.740998E-01	-8.804711E-01
451	2.500000E-01	4.062500E-01	-5.240974E-01	-8.516583E-01
452	2.812500E-01	4.062500E-01	-5.692100E-01	-8.221922E-01
453	3.125000E-01	4.062500E-01	-6.097108E-01	-7.926240E-01
454	3.437500E-01	4.062500E-01	-6.459422E-01	-7.633863E-01
455	3.750000E-01	4.062500E-01	-6.782801E-01	-7.348034E-01
456	4.062500E-01	4.062500E-01	-7.071068E-01	-7.071068E-01
457	4.375000E-01	4.062500E-01	-7.327935E-01	-6.804511E-01
458	4.687500E-01	4.062500E-01	-7.556891E-01	-6.549305E-01
459	5.000000E-01	4.062500E-01	-7.761140E-01	-6.305926E-01
460	5.312500E-01	4.062500E-01	-7.943578E-01	-6.074501E-01
461	5.625000E-01	4.062500E-01	-8.106792E-01	-5.854906E-01
462	5.937500E-01	4.062500E-01	-8.253073E-01	-5.646839E-01
463	6.250000E-01	4.062500E-01	-8.384436E-01	-5.449884E-01
464	6.562500E-01	4.062500E-01	-8.502651E-01	-5.263546E-01
465	6.875000E-01	4.062500E-01	-8.609265E-01	-5.087293E-01
466	7.187500E-01	4.062500E-01	-8.705628E-01	-4.920573E-01
467	7.500000E-01	4.062500E-01	-8.792920E-01	-4.762831E-01
468	7.812500E-01	4.062500E-01	-8.872168E-01	-4.613527E-01
469	8.125000E-01	4.062500E-01	-8.944272E-01	-4.472136E-01
470	8.437500E-01	4.062500E-01	-9.010017E-01	-4.338156E-01
471	8.750000E-01	4.062500E-01	-9.070090E-01	-4.211113E-01
472	9.062500E-01	4.062500E-01	-9.125093E-01	-4.090559E-01
473	9.375000E-01	4.062500E-01	-9.175556E-01	-3.976074E-01
474	9.687500E-01	4.062500E-01	-9.221944E-01	-3.867267E-01
475	1.000000E+00	4.062500E-01	-9.264666E-01	-3.763770E-01
476	1.031250E+00	4.062500E-01	-9.304084E-01	-3.665245E-01
477	0.000000E+00	4.375000E-01	-0.000000E+00	-1.000000E+00
478	3.125000E-02	4.375000E-01	-7.124705E-02	-9.974587E-01
479	6.250000E-02	4.375000E-01	-1.414214E-01	-9.899495E-01
480	9.375000E-02	4.375000E-01	-2.095291E-01	-9.778024E-01
481	1.250000E-01	4.375000E-01	-2.747211E-01	-9.615239E-01
482	1.562500E-01	4.375000E-01	-3.363364E-01	-9.417419E-01
483	1.875000E-01	4.375000E-01	-3.939193E-01	-9.191450E-01
484	2.187500E-01	4.375000E-01	-4.472136E-01	-8.944272E-01
485	2.500000E-01	4.375000E-01	-4.961389E-01	-8.682431E-01
486	2.812500E-01	4.375000E-01	-5.407576E-01	-8.411785E-01
487	3.125000E-01	4.375000E-01	-5.812382E-01	-8.137335E-01
488	3.437500E-01	4.375000E-01	-6.178216E-01	-7.863183E-01
489	3.750000E-01	4.375000E-01	-6.507914E-01	-7.592566E-01
490	4.062500E-01	4.375000E-01	-6.804511E-01	-7.327935E-01
491	4.375000E-01	4.375000E-01	-7.071068E-01	-7.071068E-01
492	4.687500E-01	4.375000E-01	-7.310553E-01	-6.823183E-01
493	5.000000E-01	4.375000E-01	-7.525767E-01	-6.585046E-01
494	5.312500E-01	4.375000E-01	-7.719302E-01	-6.357073E-01
495	5.625000E-01	4.375000E-01	-7.893522E-01	-6.139406E-01
496	5.937500E-01	4.375000E-01	-8.050558E-01	-5.931990E-01
497	6.250000E-01	4.375000E-01	-8.192319E-01	-5.734623E-01
498	6.562500E-01	4.375000E-01	-8.320503E-01	-5.547002E-01
499	6.875000E-01	4.375000E-01	-8.436615E-01	-5.368755E-01
500	7.187500E-01	4.375000E-01	-8.541986E-01	-5.199469E-01
501	7.500000E-01	4.375000E-01	-8.637789E-01	-5.038710E-01
502	7.812500E-01	4.375000E-01	-8.725060E-01	-4.886034E-01
503	8.125000E-01	4.375000E-01	-8.804711E-01	-4.740998E-01
504	8.437500E-01	4.375000E-01	-8.877545E-01	-4.603172E-01
505	8.750000E-01	4.375000E-01	-8.944272E-01	-4.472136E-01
506	9.062500E-01	4.375000E-01	-9.005516E-01	-4.347491E-01
507	9.375000E-01	4.375000E-01	-9.061831E-01	-4.228855E-01
508	9.687500E-01	4.375000E-01	-9.113706E-01	-4.115867E-01
509	1.000000E+00	4.375000E-01	-9.161573E-01	-4.008188E-01
510	1.031250E+00	4.375000E-01	-9.205818E-01	-3.905498E-01
511	0.000000E+00	4.687500E-01	-0.000000E+00	-1.000000E+00
512	3.125000E-02	4.687500E-01	-6.651901E-02	-9.977852E-01
513	6.250000E-02	4.687500E-01	-1.321637E-01	-9.912279E-01
514	9.375000E-02	4.687500E-01	-1.961161E-01	-9.805807E-01
515	1.250000E-01	4.687500E-01	-2.576627E-01	-9.662349E-01
516	1.562500E-01	4.687500E-01	-3.162278E-01	-9.486833E-01
517	1.875000E-01	4.687500E-01	-3.713907E-01	-9.284767E-01
518	2.187500E-01	4.687500E-01	-4.228855E-01	-9.061831E-01
519	2.500000E-01	4.687500E-01	-4.705882E-01	-8.823529E-01
520	2.812500E-01	4.687500E-01	-5.144958E-01	-8.574929E-01
521	3.125000E-01	4.687500E-01	-5.547002E-01	-8.320503E-01
522	3.437500E-01	4.687500E-01	-5.913637E-01	-8.064050E-01
523	3.750000E-01	4.687500E-01	-6.246950E-01	-7.808688E-01
524	4.062500E-01	4.687500E-01	-6.549305E-01	-7.556891E-01
525	4.375000E-01	4.687500E-01	-6.823183E-01	-7.310553E-01
526	4.687500E-01	4.687500E-01	-7.071068E-01	-7.071068E-01
527	5.000000E-01	4.687500E-01	-7.295372E-01	-6.839411E-01
528	5.312500E-01	4.687500E-01	-7.498379E-01	-6.616216E-01
529	5.625000E-01	4.687500E-01	-7.682213E-01	-6.401844E-01
530	5.937500E-01	4.687500E-01	-7.848828E-01	-6.196443E-01
531	6.250000E-01	4.687500E-01	-8.000000E-01	-6.000000E-01
532	6.562500E-01	4.687500E-01	-8.137335E-01	-5.812382E-01
533	6.875000E-01	4.687500E-01	-8.262273E-01	-5.633368E-01
534	7.187500E-01	4.687500E-01	-8.376106E-01	-5.462678E-01
535	7.500000E-01	4.687500E-01	-8.479983E-01	-5.299989E-01
536	7.812500E-01	4.687500E-01	-8.574929E-01	-5.144958E-01
537	8.125000E-01	4.687500E-01	-8.661856E-01	-4.997225E-01
538	8.437500E-01	4.687500E-01	-8.741573E-01	-4.856429E-01
539	8.750000E-01	4.687500E-01	-8.814800E-01	-4.722214E-01
540	9.062500E-01	4.687500E-01	-8.882176E-01	-4.594229E-01
541	9.375000E-01	4.687500E-01	-8.944272E-01	-4.472136E-01
542	9.687500E-01	4.687500E-01	-9.001593E-01	-4.355609E-01
543	1.000000E+00	4.687500E-01	-9.054589E-01	-4.244339E-01
544	1.031250E+00	4.687500E-01	-9.103665E-01	-4.138029E-01
545	0.000000E+00	5.000000E-01	-0.000000E+00	-1.000000E+00
546	3.125000E-02	5.000000E-01	-6.237829E-02	-9.980526E-01
547	6.250000E-02	5.000000E-01	-1.240347E-01	-9.922779E-01
548	9.375000E-02	5.000000E-01	-1.842885E-01	-9.828722E-01
549	1.250000E-01	5.000000E-01	-2.425356E-01	-9.701425E-01
550	1.562500E-01	5.000000E-01	-2.982750E-01	-9.544800E-01
551	1.875000E-01	5.000000E-01	-3.511234E-01	-9.363292E-01
552	2.187500E-01	5.000000E-01	-4.008188E-01	-9.161573E-01
553	2.500000E-01	5.000000E-01	-4.472136E-01	-8.944272E-01
554	2.812500E-01	5.000000E-01	-4.902612E-01	-8.715755E-01
555	3.125000E-01	5.000000E-01	-5.299989E-01	-8.479983E-01
556	3.437500E-01	5.000000E-01	-5.665288E-01	-8.240419E-01
557	3.750000E-01	5.000000E-01	-6.000000E-01	-8.000000E-01
558	4.062500E-01	5.000000E-01	-6.305926E-01	-7.761140E-01
559	4.375000E-01	5.000000E-01	-6.585046E-01	-7.525767E-01
560	4.687500E-01	5.000000E-01	-6.839411E-01	-7.295372E-01
561	5.000000E-01	5.000000E-01	-7.071068E-01	-7.071068E-01
562	5.312500E-01	5.000000E-01	-7.282000E-01	-6.853647E-01
563	5.625000E-01	5.000000E-01	-7.474093E-01	-6.643638E-01
564	5.937500E-01	5.000000E-01	-7.649112E-01	-6.441357E-01
565	6.250000E-01	5.000000E-01	-7.808688E-01	-6.246950E-01
566	6.562500E-01	5.000000E-01	-7.954317E-01	-6.060432E-01
567	6.875000E-01	5.000000E-01	-8.087361E-01	-5.881717E-01
568	7.187500E-01	5.000000E-01	-8.209052E-01	-5.710645E-01
569	7.500000E-01	5.000000E-01	-8.320503E-01	-5.547002E-01
570	7.812500E-01	5.000000E-01	-8.422714E-01	-5.390537E-01
571	8.125000E-01	5.000000E-01	-8.516583E-01	-5.240974E-01
572	8.437500E-01	5.000000E-01	-8.602915E-01	-5.098024E-01
573	8.750000E-01	5.000000E-01	-8.682431E-01	-4.961389E-01
574	9.062500E-01	5.000000E-01	-8.755777E-01	-4.830773E-01
575	9.375000E-01	5.000000E-01	-8.823529E-01	-4.705882E-01
576	9.687500E-01	5.000000E-01	-8.886207E-01	-4.586429E-01
577	1.000000E+00	5.000000E-01	-8.944272E-01	-4.472136E-01
578	1.031250E+00	5.000000E-01	-8.998141E-01	-4.362735E-01
579	0.000000E+00	5.312500E-01	-0.000000E+00	-1.000000E+00
580	3.125000E-02	5.312500E-01	-5.872202E-02	-9.982744E-01
581	6.250000E-02	5.312500E-01	-1.168412E-01	-9.931506E-01
582	9.375000E-02	5.312500E-01	-1.737853E-01	-9.847836E-01
583	1.250000E-01	5.312500E-01	-2.290393E-01	-9.734172E-01
584	1.562500E-01	5.312500E-01	-2.821663E-01	-9.593655E-01
585	1.875000E-01	5.312500E-01	-3.328201E-01	-9.429903E-01
586	2.187500E-01	5.312500E-01	-3.807498E-01	-9.246781E-01
587	2.500000E-01	5.312500E-01	-4.257970E-01	-9.048187E-01
588	2.812500E-01	5.312500E-01	-4.678877E-01	-8.837879E-01
589	3.125000E-01	5.312500E-01	-5.070201E-01	-8.619342E-01
590	3.437500E-01	5.312500E-01	-5.432513E-01	-8.395702E-01
591	3.750000E-01	5.312500E-01	-5.766832E-01	-8.169679E-01
592	4.062500E-01	5.312500E-01	-6.074501E-01	-7.943578E-01
593	4.375000E-01	5.312500E-01	-6.357073E-01	-7.719302E-01
594	4.687500E-01	5.312500E-01	-6.616216E-01	-7.498379E-01
595	5.000000E-01	5.312500E-01	-6.853647E-01	-7.282000E-01
596	5.312500E-01	5.312500E-01	-7.071068E-01	-7.071068E-01
597	5.625000E-01	5.312500E-01	-7.270132E-01	-6.866235E-01
598	5.937500E-01	5.312500E-01	-7.452413E-01	-6.667949E-01
599	6.250000E-01	5.312500E-01	-7.619393E-01	-6.476484E-01
600	6.562500E-01	5.312500E-01	-7.772449E-01	-6.291982E-01
601	6.875000E-01	5.312500E-01	-7.912850E-01	-6.114475E-01
602	7.187500E-01	5.312500E-01	-8.041761E-01	-5.943911E-01
603	7.500000E-01	5.312500E-01	-8.160245E-01	-5.780173E-01
604	7.812500E-01	5.312500E-01	-8.269265E-01	-5.623100E-01
605	8.125000E-01	5.312500E-01	-8.369696E-01	-5.472494E-01
606	8.437500E-01	5.312500E-01	-8.462328E-01	-5.328133E-01
607	8.750000E-01	5.312500E-01	-8.547875E-01	-5.189781E-01
608	9.062500E-01	5.312500E-01	-8.626980E-01	-5.057195E-01
609	9.375000E-01	5.312500E-01	-8.700222E-01	-4.930126E-01
610	9.687500E-01	5.312500E-01	-8.768124E-01	-4.808326E-01
611	1.000000E+00	5.312500E-01	-8.831157E-01	-4.691552E-01
612	1.031250E+00	5.312500E-01	-8.889746E-01	-4.579566E-01
613	0.000000E+00	5.625000E-01	-0.000000E+00	-1.000000E+00
614	3.125000E-02	5.625000E-01	-5.547002E-02	-9.984604E-01
615	6.250000E-02	5.625000E-01	-1.104315E-01	-9.938837E-01
616	9.375000E-02	5.625000E-01	-1.643990E-01	-9.863939E-01
617	1.250000E-01	5.625000E-01	-2.169305E-01	-9.761871E-01
618	1.562500E-01	5.625000E-01	-2.676439E-01	-9.635179E-01
619	1.875000E-01	5.625000E-01	-3.162278E-01	-9.486833E-01
620	2.187500E-01	5.625000E-01	-3.624463E-01	-9.320047E-01
621	2.500000E-01	5.625000E-01	-4.061385E-01	-9.138115E-01
622	2.812500E-01	5.625000E-01	-4.472136E-01	-8.944272E-01
623	3.125000E-01	5.625000E-01	-4.856429E-01	-8.741573E-01
624	3.437500E-01	5.625000E-01	-5.214500E-01	-8.532818E-01
625	3.750000E-01	5.625000E-01	-5.547002E-01	-8.320503E-01
626	4.062500E-01	5.625000E-01	-5.854906E-01	-8.106792E-01
627	4.375000E-01	5.625000E-01	-6.139406E-01	-7.893522E-01
628	4.687500E-01	5.625000E-01	-6.401844E-01	-7.682213E-01
629	5.000000E-01	5.625000E-01	-6.643638E-01	-7.474093E-01
630	5.312500E-01	5.625000E-01	-6.866235E-01	-7.270132E-01
631	5.625000E-01	5.625000E-01	-7.071068E-01	-7.071068E-01
632	5.937500E-01	5.625000E-01	-7.259527E-01	-6.877446E-01
633	6.250000E-01	5.625000E-01	-7.432941E-01	-6.689647E-01
634	6.562500E-01	5.625000E-01	-7.592566E-01	-6.507914E-01
635	6.875000E-01	5.625000E-01	-7.739573E-01	-6.332378E-01
636	7.187500E-01	5.625000E-01	-7.875050E-01	-6.163083E-01
637	7.500000E-01	5.625000E-01	-8.000000E-01	-6.000000E-01
638	7.812500E-01	5.625000E-01	-8.115343E-01	-5.843047E-01
639	8.125000E-01	5.625000E-01	-8.221922E-01	-5.692100E-01
640	8.437500E-01	5.625000E-01	-8.320503E-01	-5.547002E-01
641	8.750000E-01	5.625000E-01	-8.411785E-01	-5.407576E-01
642	9.062500E-01	5.625000E-01	-8.496402E-01	-5.273629E-01
643	9.375000E-01	5.625000E-01	-8.574929E-01	-5.144958E-01
644	9.687500E-01	5.625000E-01	-8.647889E-01	-5.021355E-01
645	1.000000E+00	5.625000E-01	-8.715755E-01	-4.902612E-01
646	1.031250E+00	5.625000E-01	-8.778956E-01	-4.788521E-01
647	0.000000E+00	5.937500E-01	-0.000000E+00	-1.000000E+00
648	3.125000E-02	5.937500E-01	-5.255883E-02	-9.986178E-01
649	6.250000E-02	5.937500E-01	-1.046848E-01	-9.945055E-01
650	9.375000E-02	5.937500E-01	-1.559626E-01	-9.877630E-01
651	1.250000E-01	5.937500E-01	-2.060105E-01	-9.785498E-01
652	1.562500E-01	5.937500E-01	-2.544933E-01	-9.670745E-01
653	1.875000E-01	5.937500E-01	-3.011314E-01	-9.535827E-01
654	2.187500E-01	5.937500E-01	-3.457054E-01	-9.383431E-01
655	2.500000E-01	5.937500E-01	-3.880570E-01	-9.216354E-01
656	2.812500E-01	5.937500E-01	-4.280863E-01	-9.037378E-01
657	3.125000E-01	5.937500E-01	-4.657464E-01	-8.849182E-01
658	3.437500E-01	5.937500E-01	-5.010363E-01	-8.654263E-01
659	3.750000E-01	5.937500E-01	-5.339930E-01	-8.454889E-01
660	4.062500E-01	5.937500E-01	-5.646839E-01	-8.253073E-01
661	4.375000E-01	5.937500E-01	-5.931990E-01	-8.050558E-01
662	4.687500E-01	5.937500E-01	-6.196443E-01	-7.848828E-01
663	5.000000E-01	5.937500E-01	-6.441357E-01	-7.649112E-01
664	5.312500E-01	5.937500E-01	-6.667949E-01	-7.452413E-01
665	5.625000E-01	5.937500E-01	-6.877446E-01	-7.259527E-01
666	5.937500E-01	5.937500E-01	-7.071068E-01	-7.071068E-01
667	6.250000E-01	5.937500E-01	-7.249994E-01	-6.887495E-01
668	6.562500E-01	5.937500E-01	-7.415358E-01	-6.709133E-01
669	6.875000E-01	5.937500E-01	-7.568230E-01	-6.536199E-01
670	7.187500E-01	5.937500E-01	-7.709618E-01	-6.368814E-01
671	7.500000E-01	5.937500E-01	-7.840458E-01	-6.207029E-01
672	7.812500E-01	5.937500E-01	-7.961622E-01	-6.050833E-01
673	8.125000E-01	5.937500E-01	-8.073911E-01	-5.900166E-01
674	8.437500E-01	5.937500E-01	-8.178064E-01	-5.754934E-01
675	8.750000E-01	5.937500E-01	-8.274758E-01	-5.615014E-01
676	9.062500E-01	5.937500E-01	-8.364611E-01	-5.480263E-01
677	9.375000E-01	5.937500E-01	-8.448191E-01	-5.350521E-01
678	9.687500E-01	5.937500E-01	-8.526013E-01	-5.225621E-01
679	1.000000E+00	5.937500E-01	-8.598547E-01	-5.105388E-01
680	1.031250E+00	5.937500E-01	-8.666225E-01	-4.989644E-01
681	0.000000E+00	6.250000E-01	-0.000000E+00	-1.000000E+00
682	3.125000E-02	6.250000E-01	-4.993762E-02	-9.987523E-01
683	6.250000E-02	6.250000E-01	-9.950372E-02	-9.950372E-01
684	9.375000E-02	6.250000E-01	-1.483405E-01	-9.889364E-01
685	1.250000E-01	6.250000E-01	-1.961161E-01	-9.805807E-01
686	1.562500E-01	6.250000E-01	-2.425356E-01	-9.701425E-01
687	1.875000E-01	6.250000E-01	-2.873479E-01	-9.578263E-01
688	2.187500E-01	6.250000E-01	-3.303504E-01	-9.438584E-01
689	2.500000E-01	6.250000E-01	-3.713907E-01	-9.284767E-01
690	2.812500E-01	6.250000E-01	-4.103647E-01	-9.119215E-01
691	3.125000E-01	6.250000E-01	-4.472136E-01	-8.944272E-01
692	3.437500E-01	6.250000E-01	-4.819187E-01	-8.762159E-01
693	3.750000E-01	6.250000E-01	-5.144958E-01	-8.574929E-01
694	4.062500E-01	6.250000E-01	-5.449884E-01	-8.384436E-01
695	4.375000E-01	6.250000E-01	-5.734623E-01	-8.192319E-01
696	4.687500E-01	6.250000E-01	-6.000000E-01	-8.000000E-01
697	5.000000E-01	6.250000E-01	-6.246950E-01	-7.808688E-01
698	5.312500E-01	6.250000E-01	-6.476484E-01	-7.619393E-01
699	5.625000E-01	6.250000E-01	-6.689647E-01	-7.432941E-01
700	5.937500E-01	6.250000E-01	-6.887495E-01	-7.249994E-01
701	6.250000E-01	6.250000E-01	-7.071068E-01	-7.071068E-01
702	6.562500E-01	6.250000E-01	-7.241379E-01	-6.896552E-01
703	6.875000E-01	6.250000E-01	-7.399401E-01	-6.726728E-01
704	7.187500E-01	6.250000E-01	-7.546055E-01	-6.561787E-01
705	7.500000E-01	6.250000E-01	-7.682213E-01	-6.401844E-01
706	7.812500E-01	6.250000E-01	-7.808688E-01	-6.246950E-01
707	8.125000E-01	6.250000E-01	-7.926240E-01	-6.097108E-01
708	8.437500E-01	6.250000E-01	-8.035572E-01	-5.952276E-01
709	8.750000E-01	6.250000E-01	-8.137335E-01	-5.812382E-01
710	9.062500E-01	6.250000E-01	-8.232128E-01	-5.677330E-01
711	9.375000E-01	6.250000E-01	-8.320503E-01	-5.547002E-01
712	9.687500E-01	6.250000E-01	-8.402966E-01	-5.421269E-01
713	1.000000E+00	6.250000E-01	-8.479983E-01	-5.299989E-01
714	1.031250E+00	6.250000E-01	-8.551978E-01	-5.183017E-01
715	0.000000E+00	6.562500E-01	-0.000000E+00	-1.000000E+00
716	3.125000E-02	6.562500E-01	-4.756515E-02	-9.988681E-01
717	6.250000E-02	6.562500E-01	-9.480909E-02	-9.954955E-01
718	9.375000E-02	6.562500E-01	-1.414214E-01	-9.899495E-01
719	1.250000E-01	6.562500E-01	-1.871121E-01	-9.823386E-01
720	1.562500E-01	6.562500E-01	-2.316205E-01	-9.728062E-01
721	1.875000E-01	6.562500E-01	-2.747211E-01	-9.615239E-01
722	2.187500E-01	6.562500E-01	-3.162278E-01	-9.486833E-01
723	2.500000E-01	6.562500E-01	-3.559953E-01	-9.344877E-01
724	2.812500E-01	6.562500E-01	-3.939193E-01	-9.191450E-01
725	3.125000E-01	6.562500E-01	-4.299336E-01	-9.028605E-01
726	3.437500E-01	6.562500E-01	-4.640070E-01	-8.858315E-01
727	3.750000E-01	6.562500E-01	-4.961389E-01	-8.682431E-01
728	4.062500E-01	6.562500E-01	-5.263546E-01	-8.502651E-01
729	4.375000E-01	6.562500E-01	-5.547002E-01	-8.320503E-01
730	4.687500E-01	6.562500E-01	-5.812382E-01	-8.137335E-01
731	5.000000E-01	6.562500E-01	-6.060432E-01	-7.954317E-01
732	5.312500E-01	6.562500E-01	-6.291982E-01	-7.772449E-01
733	5.625000E-01	6.562500E-01	-6.507914E-01	-7.592566E-01
734	5.937500E-01	6.562500E-01	-6.709133E-01	-7.415358E-01
735	6.250000E-01	6.562500E-01	-6.896552E-01	-7.241379E-01
736	6.562500E-01	6.562500E-01	-7.071068E-01	-7.071068E-01
737	6.875000E-01	6.562500E-01	-7.233555E-01	-6.904757E-01
738	7.187500E-01	6.562500E-01	-7.384855E-01	-6.742694E-01
739	7.500000E-01	6.562500E-01	-7.525767E-01	-6.585046E-01
740	7.812500E-01	6.562500E-01	-7.657049E-01	-6.431921E-01
741	8.125000E-01	6.562500E-01	-7.779412E-01	-6.283371E-01
742	8.437500E-01	6.562500E-01	-7.893522E-01	-6.139406E-01
743	8.750000E-01	6.562500E-01	-8.000000E-01	-6.000000E-01
744	9.062500E-01	6.562500E-01	-8.099421E-01	-5.865098E-01
745	9.375000E-01	6.562500E-01	-8.192319E-01	-5.734623E-01
746	9.687500E-01	6.562500E-01	-8.279187E-01	-5.608481E-01
747	1.000000E+00	6.562500E-01	-8.360479E-01	-5.486564E-01
748	1.031250E+00	6.562500E-01	-8.436615E-01	-5.368755E-01
749	0.000000E+00	6.875000E-01	-0.000000E+00	-1.000000E+00
750	3.125000E-02	6.875000E-01	-4.540766E-02	-9.989685E-01
751	6.250000E-02	6.875000E-01	-9.053575E-02	-9.958932E-01
752	9.375000E-02	6.875000E-01	-1.351132E-01	-9.908302E-01
753	1.250000E-01	6.875000E-01	-1.788854E-01	-9.838699E-01
754	1.562500E-01	6.875000E-01	-2.216211E-01	-9.751329E-01
755	1.875000E-01	6.875000E-01	-2.631174E-01	-9.647638E-01
756	2.187500E-01	6.875000E-01	-3.032037E-01	-9.529258E-01
757	2.500000E-01	6.875000E-01	-3.417431E-01	-9.397934E-01
758	2.812500E-01	6.875000E-01	-3.786328E-01	-9.255470E-01
759	3.125000E-01	6.875000E-01	-4.138029E-01	-9.103665E-01
760	3.437500E-01	6.875000E-01	-4.472136E-01	-8.944272E-01
761	3.750000E-01	6.875000E-01	-4.788521E-01	-8.778956E-01
762	4.062500E-01	6.875000E-01	-5.087293E-01	-8.609265E-01
763	4.375000E-01	6.875000E-01	-5.368755E-01	-8.436615E-01
764	4.687500E-01	6.875000E-01	-5.633368E-01	-8.262273E-01
765	5.000000E-01	6.875000E-01	-5.881717E-01	-8.087361E-01
766	5.312500E-01	6.875000E-01	-6.114475E-01	-7.912850E-01
767	5.625000E-01	6.875000E-01	-6.332378E-01	-7.739573E-01
768	5.937500E-01	6.875000E-01	-6.536199E-01	-7.568230E-01
769	6.250000E-01	6.875000E-01	-6.726728E-01	-7.399401E-01
770	6.562500E-01	6.875000E-01	-6.904757E-01	-7.233555E-01
771	6.875000E-01	6.875000E-01	-7.071068E-01	-7.071068E-01
772	7.187500E-01	6.875000E-01	-7.226419E-01	-6.912226E-01
773	7.500000E-01	6.875000E-01	-7.371541E-01	-6.757246E-01
774	7.812500E-01	6.875000E-01	-7.507135E-01	-6.606279E-01
775	8.125000E-01	6.875000E-01	-7.633863E-01	-6.459422E-01
776	8.437500E-01	6.875000E-01	-7.752350E-01	-6.316730E-01
777	8.750000E-01	6.875000E-01	-7.863183E-01	-6.178216E-01
778	9.062500E-01	6.875000E-01	-7.966913E-01	-6.043865E-01
779	9.375000E-01	6.875000E-01	-8.064050E-01	-5.913637E-01
780	9.687500E-01	6.875000E-01	-8.155071E-01	-5.787470E-01
781	1.000000E+00	6.875000E-01	-8.240419E-01	-5.665288E-01
782	1.031250E+00	6.875000E-01	-8.320503E-01	-5.547002E-01
783	0.000000E+00	7.187500E-01	-0.000000E+00	-1.000000E+00
784	3.125000E-02	7.187500E-01	-4.343722E-02	-9.990562E-01
785	6.250000E-02	7.187500E-01	-8.662962E-02	-9.962406E-01
786	9.375000E-02	7.187500E-01	-1.293392E-01	-9.916004E-01
787	1.250000E-01	7.187500E-01	-1.713412E-01	-9.852118E-01
788	1.562500E-01	7.187500E-01	-2.124296E-01	-9.771764E-01
789	1.875000E-01	7.187500E-01	-2.524219E-01	-9.676173E-01
790	2.187500E-01	7.187500E-01	-2.911616E-01	-9.566739E-01
791	2.500000E-01	7.187500E-01	-3.285206E-01	-9.444968E-01
792	2.812500E-01	7.187500E-01	-3.643993E-01	-9.312428E-01
793	3.125000E-01	7.187500E-01	-3.987261E-01	-9.170701E-01
794	3.437500E-01	7.187500E-01	-4.314555E-01	-9.021342E-01
795	3.750000E-01	7.187500E-01	-4.625660E-01	-8.865848E-01
796	4.062500E-01	7.187500E-01	-4.920573E-01	-8.705628E-01
797	4.375000E-01	7.187500E-01	-5.199469E-01	-8.541986E-01
798	4.687500E-01	7.187500E-01	-5.462678E-01	-8.376106E-01
799	5.000000E-01	7.187500E-01	-5.710645E-01	-8.209052E-01
800	5.312500E-01	7.187500E-01	-5.943911E-01	-8.041761E-01
801	5.625000E-01	7.187500E-01	-6.163083E-01	-7.875050E-01
802	5.937500E-01	7.187500E-01	-6.368814E-01	-7.709618E-01
803	6.250000E-01	7.187500E-01	-6.561787E-01	-7.546055E-01
804	6.562500E-01	7.187500E-01	-6.742694E-01	-7.384855E-01
805	6.875000E-01	7.187500E-01	-6.912226E-01	-7.226419E-01
806	7.187500E-01	7.187500E-01	-7.071068E-01	-7.071068E-01
807	7.500000E-01	7.187500E-01	-7.219882E-01	-6.919054E-01
808	7.812500E-01	7.187500E-01	-7.359310E-01	-6.770565E-01
809	8.125000E-01	7.187500E-01	-7.489966E-01	-6.625739E-01
810	8.437500E-01	7.187500E-01	-7.612432E-01	-6.484665E-01
811	8.750000E-01	7.187500E-01	-7.727263E-01	-6.347394E-01
812	9.062500E-01	7.187500E-01	-7.834977E-01	-6.213947E-01
813	9.375000E-01	7.187500E-01	-7.936064E-01	-6.084315E-01
814	9.687500E-01	7.187500E-01	-8.030980E-01	-5.958469E-01
815	1.000000E+00	7.187500E-01	-8.120154E-01	-5.836360E-01
816	1.031250E+00	7.187500E-01	-8.203982E-01	-5.717927E-01
817	0.000000E+00	7.500000E-01	-0.000000E+00	-1.000000E+00
818	3.125000E-02	7.500000E-01	-4.163054E-02	-9.991331E-01
819	6.250000E-02	7.500000E-01	-8.304548E-02	-9.965458E-01
820	9.375000E-02	7.500000E-01	-1.240347E-01	-9.922779E-01
821	1.250000E-01	7.500000E-01	-1.643990E-01	-9.863939E-01
822	1.562500E-01	7.500000E-01	-2.039543E-01	-9.789804E-01
823	1.875000E-01	7.500000E-01	-2.425356E-01	-9.701425E-01
824	2.187500E-01	7.500000E-01	-2.800000E-01	-9.600000E-01
825	2.500000E-01	7.500000E-01	-3.162278E-01	-9.486833E-01
826	2.812500E-01	7.500000E-01	-3.511234E-01	-9.363292E-01
827	3.125000E-01	7.500000E-01	-3.846154E-01	-9.230769E-01
828	3.437500E-01	7.500000E-01	-4.166547E-01	-9.090648E-01
829	3.750000E-01	7.500000E-01	-4.472136E-01	-8.944272E-01
830	4.062500E-01	7.500000E-01	-4.762831E-01	-8.792920E-01
831	4.375000E-01	7.500000E-01	-5.038710E-01	-8.637789E-01
832	4.687500E-01	7.500000E-01	-5.299989E-01	-8.479983E-01
833	5.000000E-01	7.500000E-01	-5.547002E-01	-8.320503E-01
834	5.312500E-01	7.500000E-01	-5.780173E-01	-8.160245E-01
835	5.625000E-01	7.500000E-01	-6.000000E-01	-8.000000E-01
836	5.937500E-01	7.500000E-01	-6.207029E-01	-7.840458E-01
837	6.250000E-01	7.500000E-01	-6.401844E-01	-7.682213E-01
838	6.562500E-01	7.500000E-01	-6.585046E-01	-7.525767E-01
839	6.875000E-01	7.500000E-01	-6.757246E-01	-7.371541E-01
840	7.187500E-01	7.500000E-01	-6.919054E-01	-7.219882E-01
841	7.500000E-01	7.500000E-01	-7.071068E-01	-7.071068E-01
842	7.812500E-01	7.500000E-01	-7.213873E-01	-6.925318E-01
843	8.125000E-01	7.500000E-01	-7.348034E-01	-6.782801E-01
844	8.437500E-01	7.500000E-01	-7.474093E-01	-6.643638E-01
845	8.750000E-01	7.500000E-01	-7.592566E-01	-6.507914E-01
846	9.062500E-01	7.500000E-01	-7.703943E-01	-6.375677E-01
847	9.375000E-01	7.500000E-01	-7.808688E-01	-6.246950E-01
848	9.687500E-01	7.500000E-01	-7.907237E-01	-6.121732E-01
849	1.000000E+00	7.500000E-01	-8.000000E-01	-6.000000E-01
850	1.031250E+00	7.500000E-01	-8.087361E-01	-5.881717E-01
851	0.000000E+00	7.812500E-01	-0.000000E+00	-1.000000E+00
852	3.125000E-02	7.812500E-01	-3.996804E-02	-9.992010E-01
853	6.250000E-02	7.812500E-01	-7.974522E-02	-9.968153E-01
854	9.375000E-02	7.812500E-01	-1.191452E-01	-9.928768E-01
855	1.250000E-01	7.812500E-01	-1.579905E-01	-9.874406E-01
856	1.562500E-01	7.812500E-01	-1.961161E-01	-9.805807E-01
857	1.875000E-01	7.812500E-01	-2.333730E-01	-9.723873E-01
858	2.187500E-01	7.812500E-01	-2.696299E-01	-9.629640E-01
859	2.500000E-01	7.812500E-01	-3.047757E-01	-9.524241E-01
860	2.812500E-01	7.812500E-01	-3.387195E-01	-9.408874E-01
861	3.125000E-01	7.812500E-01	-3.713907E-01	-9.284767E-01
862	3.437500E-01	7.812500E-01	-4.027386E-01	-9.153150E-01
863	3.750000E-01	7.812500E-01	-4.327311E-01	-9.015231E-01
864	4.062500E-01	7.812500E-01	-4.613527E-01	-8.872168E-01
865	4.375000E-01	7.812500E-01	-4.886034E-01	-8.725060E-01
866	4.687500E-01	7.812500E-01	-5.144958E-01	-8.574929E-01
867	5.000000E-01	7.812500E-01	-5.390537E-01	-8.422714E-01
868	5.312500E-01	7.812500E-01	-5.623100E-01	-8.269265E-01
869	5.625000E-01	7.812500E-01	-5.843047E-01	-8.115343E-01
870	5.937500E-01	7.812500E-01	-6.050833E-01	-7.961622E-01
871	6.250000E-01	7.812500E-01	-6.246950E-01	-7.808688E-01
872	6.562500E-01	7.812500E-01	-6.431921E-01	-7.657049E-01
873	6.875000E-01	7.812500E-01	-6.606279E-01	-7.507135E-01
874	7.187500E-01	7.812500E-01	-6.770565E-01	-7.359310E-01
875	7.500000E-01	7.812500E-01	-6.925318E-01	-7.213873E-01
876	7.812500E-01	7.812500E-01	-7.071068E-01	-7.071068E-01
877	8.125000E-01	7.812500E-01	-7.208331E-01	-6.931087E-01
878	8.437500E-01	7.812500E-01	-7.337607E-01	-6.794080E-01
879	8.750000E-01	7.812500E-01	-7.459377E-01	-6.660158E-01
880	9.062500E-01	7.812500E-01	-7.574100E-01	-6.529396E-01
881	9.375000E-01	7.812500E-01	-7.682213E-01	-6.401844E-01
882	9.687500E-01	7.812500E-01	-7.784130E-01	-6.277525E-01
883	1.000000E+00	7.812500E-01	-7.880244E-01	-6.156440E-01
884	1.031250E+00	7.812500E-01	-7.970921E-01	-6.038577E-01
885	0.000000E+00	8.125000E-01	-0.000000E+00	-1.000000E+00
886	3.125000E-02	8.125000E-01	-3.843312E-02	-9.992612E-01
887	6.250000E-02	8.125000E-01	-7.669650E-02	-9.970545E-01
888	9.375000E-02	8.125000E-01	-1.146241E-01	-9.934089E-01
889	1.250000E-01	8.125000E-01	-1.520572E-01	-9.883717E-01
890	1.562500E-01	8.125000E-01	-1.888474E-01	-9.820064E-01
891	1.875000E-01	8.125000E-01	-2.248595E-01	-9.743912E-01
892	2.187500E-01	8.125000E-01	-2.599735E-01	-9.656158E-01
893	2.500000E-01	8.125000E-01	-2.940858E-01	-9.557790E-01
894	2.812500E-01	8.125000E-01	-3.271106E-01	-9.449861E-01
895	3.125000E-01	8.125000E-01	-3.589791E-01	-9.333456E-01
896	3.437500E-01	8.125000E-01	-3.896400E-01	-9.209673E-01
897	3.750000E-01	8.125000E-01	-4.190582E-01	-9.079594E-01
898	4.062500E-01	8.125000E-01	-4.472136E-01	-8.944272E-01
899	4.375000E-01	8.125000E-01	-4.740998E-01	-8.804711E-01
900	4.687500E-01	8.125000E-01	-4.997225E-01	-8.661856E-01
901	5.000000E-01	8.125000E-01	-5.240974E-01	-8.516583E-01
902	5.312500E-01	8.125000E-01	-5.472494E-01	-8.369696E-01
903	5.625000E-01	8.125000E-01	-5.692100E-01	-8.221922E-01
904	5.937500E-01	8.125000E-01	-5.900166E-01	-8.073911E-01
905	6.250000E-01	8.125000E-01	-6.097108E-01	-7.926240E-01
906	6.562500E-01	8.125000E-01	-6.283371E-01	-7.779412E-01
907	6.875000E-01	8.125000E-01	-6.459422E-01	-7.633863E-01
908	7.187500E-01	8.125000E-01	-6.625739E-01	-7.489966E-01
909	7.500000E-01	8.125000E-01	-6.782801E-01	-7.348034E-01
910	7.812500E-01	8.125000E-01	-6.931087E-01	-7.208331E-01
911	8.125000E-01	8.125000E-01	-7.071068E-01	-7.071068E-01
912	8.437500E-01	8.125000E-01	-7.203202E-01	-6.936417E-01
913	8.750000E-01	8.125000E-01	-7.327935E-01	-6.804511E-01
914	9.062500E-01	8.125000E-01	-7.445694E-01	-6.675450E-01
915	9.375000E-01	8.125000E-01	-7.556891E-01	-6.549305E-01
916	9.687500E-01	8.125000E-01	-7.661915E-01	-6.426123E-01
917	1.000000E+00	8.125000E-01	-7.761140E-01	-6.305926E-01
918	1.031250E+00	8.125000E-01	-7.854917E-01	-6.188722E-01
919	0.000000E+00	8.437500E-01	-0.000000E+00	-1.000000E+00
920	3.125000E-02	8.437500E-01	-3.701166E-02	-9.993148E-01
921	6.250000E-02	8.437500E-01	-7.387169E-02	-9.972678E-01
922	9.375000E-02	8.437500E-01	-1.104315E-01	-9.938837E-01
923	1.250000E-01	8.437500E-01	-1.465487E-01	-9.892035E-01
924	1.562500E-01	8.437500E-01	-1.820893E-01	-9.832820E-01
925	1.875000E-01	8.437500E-01	-2.169305E-01	-9.761871E-01
926	2.187500E-01	8.437500E-01	-2.509622E-01	-9.679969E-01
927	2.500000E-01	8.437500E-01	-2.840883E-01	-9.587981E-01
928	2.812500E-01	8.437500E-01	-3.162278E-01	-9.486833E-01
929	3.125000E-01	8.437500E-01	-3.473144E-01	-9.377488E-01
930	3.437500E-01	8.437500E-01	-3.772969E-01	-9.260924E-01
931	3.750000E-01	8.437500E-01	-4.061385E-01	-9.138115E-01
932	4.062500E-01	8.437500E-01	-4.338156E-01	-9.010017E-01
933	4.375000E-01	8.437500E-01	-4.603172E-01	-8.877545E-01
934	4.687500E-01	8.437500E-01	-4.856429E-01	-8.741573E-01
935	5.000000E-01	8.437500E-01	-5.098024E-01	-8.602915E-01
936	5.312500E-01	8.437500E-01	-5.328133E-01	-8.462328E-01
937	5.625000E-01	8.437500E-01	-5.547002E-01	-8.320503E-01
938	5.937500E-01	8.437500E-01	-5.754934E-01	-8.178064E-01
939	6.250000E-01	8.437500E-01	-5.952276E-01	-8.035572E-01
940	6.562500E-01	8.437500E-01	-6.139406E-01	-7.893522E-01
941	6.875000E-01	8.437500E-01	-6.316730E-01	-7.752350E-01
942	7.187500E-01	8.437500E-01	-6.484665E-01	-7.612432E-01
943	7.500000E-01	8.437500E-01	-6.643638E-01	-7.474093E-01
944	7.812500E-01	8.437500E-01	-6.794080E-01	-7.337607E-01
945	8.125000E-01	8.437500E-01	-6.936417E-01	-7.203202E-01
946	8.437500E-01	8.437500E-01	-7.071068E-01	-7.071068E-01
947	8.750000E-01	8.437500E-01	-7.198443E-01	-6.941356E-01
948	9.062500E-01	8.437500E-01	-7.318940E-01	-6.814185E-01
949	9.375000E-01	8.437500E-01	-7.432941E-01	-6.689647E-01
950	9.687500E-01	8.437500E-01	-7.540816E-01	-6.567807E-01
951	1.000000E+00	8.437500E-01	-7.642915E-01	-6.448709E-01
952	1.031250E+00	8.437500E-01	-7.739573E-01	-6.332378E-01
953	0.000000E+00	8.750000E-01	-0.000000E+00	-1.000000E+00
954	3.125000E-02	8.750000E-01	-3.569153E-02	-9.993629E-01
955	6.250000E-02	8.750000E-01	-7.124705E-02	-9.974587E-01
956	9.375000E-02	8.750000E-01	-1.065331E-01	-9.943092E-01
957	1.250000E-01	8.750000E-01	-1.414214E-01	-9.899495E-01
958	1.562500E-01	8.750000E-01	-1.757906E-01	-9.844276E-01
959	1.875000E-01	8.750000E-01	-2.095291E-01	-9.778024E-01
960	2.187500E-01	8.750000E-01	-2.425356E-01	-9.701425E-01
961	2.500000E-01	8.750000E-01	-2.747211E-01	-9.615239E-01
962	2.812500E-01	8.750000E-01	-3.060092E-01	-9.520286E-01
963	3.125000E-01	8.750000E-01	-3.363364E-01	-9.417419E-01
964	3.437500E-01	8.750000E-01	-3.656524E-01	-9.307515E-01
965	3.750000E-01	8.750000E-01	-3.939193E-01	-9.191450E-01
966	4.062500E-01	8.750000E-01	-4.211113E-01	-9.070090E-01
967	4.375000E-01	8.750000E-01	-4.472136E-01	-8.944272E-01
968	4.687500E-01	8.750000E-01	-4.722214E-01	-8.814800E-01
969	5.000000E-01	8.750000E-01	-4.961389E-01	-8.682431E-01
970	5.312500E-01	8.750000E-01	-5.189781E-01	-8.547875E-01
971	5.625000E-01	8.750000E-01	-5.407576E-01	-8.411785E-01
972	5.937500E-01	8.750000E-01	-5.615014E-01	-8.274758E-01
973	6.250000E-01	8.750000E-01	-5.812382E-01	-8.137335E-01
974	6.562500E-01	8.750000E-01	-6.000000E-01	-8.000000E-01
975	6.875000E-01	8.750000E-01	-6.178216E-01	-7.863183E-01
976	7.187500E-01	8.750000E-01	-6.347394E-01	-7.727263E-01
977	7.500000E-01	8.750000E-01	-6.507914E-01	-7.592566E-01
978	7.812500E-01	8.750000E-01	-6.660158E-01	-7.459377E-01
979	8.125000E-01	8.750000E-01	-6.804511E-01	-7.327935E-01
980	8.437500E-01	8.750000E-01	-6.941356E-01	-7.198443E-01
981	8.750000E-01	8.750000E-01	-7.071068E-01	-7.071068E-01
982	9.062500E-01	8.750000E-01	-7.194015E-01	-6.945945E-01
983	9.375000E-01	8.750000E-01	-7.310553E-01	-6.823183E-01
984	9.687500E-01	8.750000E-01	-7.421026E-01	-6.702863E-01
985	1.000000E+00	8.750000E-01	-7.525767E-01	-6.585046E-01
986	1.031250E+00	8.750000E-01	-7.625091E-01	-6.469774E-01
987	0.000000E+00	9.062500E-01	-0.000000E+00	-1.000000E+00
988	3.125000E-02	9.062500E-01	-3.446228E-02	-9.994060E-01
989	6.250000E-02	9.062500E-01	-6.880209E-02	-9.976303E-01
990	9.375000E-02	9.062500E-01	-1.028992E-01	-9.946918E-01
991	1.250000E-01	9.062500E-01	-1.366374E-01	-9.906211E-01
992	1.562500E-01	9.062500E-01	-1.699069E-01	-9.854601E-01
993	1.875000E-01	9.062500E-01	-2.026056E-01	-9.792604E-01
994	2.187500E-01	9.062500E-01	-2.346405E-01	-9.720822E-01
995	2.500000E-01	9.062500E-01	-2.659290E-01	-9.639926E-01
996	2.812500E-01	9.062500E-01	-2.963992E-01	-9.550641E-01
997	3.125000E-01	9.062500E-01	-3.259907E-01	-9.453730E-01
998	3.437500E-01	9.062500E-01	-3.546542E-01	-9.349975E-01
999	3.750000E-01	9.062500E-01	-3.823518E-01	-9.240168E-01
1000	4.062500E-01	9.062500E-01	-4.090559E-01	-9.125093E-01
1001	4.375000E-01	9.062500E-01	-4.347491E-01	-9.005516E-01
1002	4.687500E-01	9.062500E-01	-4.594229E-01	-8.882176E-01
1003	5.000000E-01	9.062500E-01	-4.830773E-01	-8.755777E-01
1004	5.312500E-01	9.062500E-01	-5.057195E-01	-8.626980E-01
1005	5.625000E-01	9.062500E-01	-5.273629E-01	-8.496402E-01
1006	5.937500E-01	9.062500E-01	-5.480263E-01	-8.364611E-01
1007	6.250000E-01	9.062500E-01	-5.677330E-01	-8.232128E-01
1008	6.562500E-01	9.062500E-01	-5.865098E-01	-8.099421E-01
1009	6.875000E-01	9.062500E-01	-6.043865E-01	-7.966913E-01
1010	7.187500E-01	9.062500E-01	-6.213947E-01	-7.834977E-01
1011	7.500000E-01	9.062500E-01	-6.375677E-01	-7.703943E-01
1012	7.812500E-01	9.062500E-01	-6.529396E-01	-7.574100E-01
1013	8.125000E-01	9.062500E-01	-6.675450E-01	-7.445694E-01
1014	8.437500E-01	9.062500E-01	-6.814185E-01	-7.318940E-01
1015	8.750000E-01	9.062500E-01	-6.945945E-01	-7.194015E-01
1016	9.062500E-01	9.062500E-01	-7.071068E-01	-7.071068E-01
1017	9.375000E-01	9.062500E-01	-7.189884E-01	-6.950221E-01
1018	9.687500E-01	9.062500E-01	-7.302714E-01	-6.831571E-01
1019	1.000000E+00	9.062500E-01	-7.409870E-01	-6.715194E-01
1020	1.031250E+00	9.062500E-01	-7.511649E-01	-6.601146E-01
1021	0.000000E+00	9.375000E-01	-0.000000E+00	-1.000000E+00
1022	3.125000E-02	9.375000E-01	-3.331483E-02	-9.994449E-01
1023	6.250000E-02	9.375000E-01	-6.651901E-02	-9.977852E-01
1024	9.375000E-02	9.375000E-01	-9.950372E-02	-9.950372E-01
1025	1.250000E-01	9.375000E-01	-1.321637E-01	-9.912279E-01
1026	1.562500E-01	9.375000E-01	-1.643990E-01	-9.863939E-01
1027	1.875000E-01	9.375000E-01	-1.961161E-01	-9.805807E-01
1028	2.187500E-01	9.375000E-01	-2.272296E-01	-9.738412E-01
1029	2.500000E-01	9.375000E-01	-2.576627E-01	-9.662349E-01
1030	2.812500E-01	9.375000E-01	-2.873479E-01	-9.578263E-01
1031	3.125000E-01	9.375000E-01	-3.162278E-01	-9.486833E-01
1032	3.437500E-01	9.375000E-01	-3.442546E-01	-9.388763E-01
1033	3.750000E-01	9.375000E-01	-3.713907E-01	-9.284767E-01
1034	4.062500E-01	9.375000E-01	-3.976074E-01	-9.175556E-01
1035	4.375000E-01	9.375000E-01	-4.228855E-01	-9.061831E-01
1036	4.687500E-01	9.375000E-01	-4.472136E-01	-8.944272E-01
1037	5.000000E-01	9.375000E-01	-4.705882E-01	-8.823529E-01
1038	5.312500E-01	9.375000E-01	-4.930126E-01	-8.700222E-01
1039	5.625000E-01	9.375000E-01	-5.144958E-01	-8.574929E-01
1040	5.937500E-01	9.375000E-01	-5.350521E-01	-8.448191E-01
1041	6.250000E-01	9.375000E-01	-5.547002E-01	-8.320503E-01
1042	6.562500E-01	9.375000E-01	-5.734623E-01	-8.192319E-01
1043	6.875000E-01	9.375000E-01	-5.913637E-01	-8.064050E-01
1044	7.187500E-01	9.375000E-01	-6.084315E-01	-7.936064E-01
1045	7.500000E-01	9.375000E-01	-6.246950E-01	-7.808688E-01
1046	7.812500E-01	9.375000E-01	-6.401844E-01	-7.682213E-01
1047	8.125000E-01	9.375000E-01	-6.549305E-01	-7.556891E-01
1048	8.437500E-01	9.375000E-01	-6.689647E-01	-7.432941E-01
1049	8.750000E-01	9.375000E-01	-6.823183E-01	-7.310553E-01
1050	9.062500E-01	9.375000E-01	-6.950221E-01	-7.189884E-01
1051	9.375000E-01	9.375000E-01	-7.071068E-01	-7.071068E-01
1052	9.687500E-01	9.375000E-01	-7.186021E-01	-6.954214E-01
1053	1.000000E+00	9.375000E-01	-7.295372E-01	-6.839411E-01
1054	1.031250E+00	9.375000E-01	-7.399401E-01	-6.726728E-01
1055	0.000000E+00	9.687500E-01	-0.000000E+00	-1.000000E+00
1056	3.125000E-02	9.687500E-01	-3.224129E-02	-9.994801E-01
1057	6.250000E-02	9.687500E-01	-6.438228E-02	-9.979253E-01
1058	9.375000E-02	9.687500E-01	-9.632419E-02	-9.953500E-01
1059	1.250000E-01	9.687500E-01	-1.279713E-01	-9.917779E-01
1060	1.562500E-01	9.687500E-01	-1.592324E-01	-9.872411E-01
1061	1.875000E-01	9.687500E-01	-1.900219E-01	-9.817799E-01
1062	2.187500E-01	9.687500E-01	-2.202609E-01	-9.754410E-01
1063	2.500000E-01	9.687500E-01	-2.498780E-01	-9.682773E-01
1064	2.812500E-01	9.687500E-01	-2.788102E-01	-9.603462E-01
1065	3.125000E-01	9.687500E-01	-3.070028E-01	-9.517086E-01
1066	3.437500E-01	9.687500E-01	-3.344098E-01	-9.424277E-01
1067	3.750000E-01	9.687500E-01	-3.609941E-01	-9.325681E-01
1068	4.062500E-01	9.687500E-01	-3.867267E-01	-9.221944E-01
1069	4.375000E-01	9.687500E-01	-4.115867E-01	-9.113706E-01
1070	4.687500E-01	9.687500E-01	-4.355609E-01	-9.001593E-01
1071	5.000000E-01	9.687500E-01	-4.586429E-01	-8.886207E-01
1072	5.312500E-01	9.687500E-01	-4.808326E-01	-8.768124E-01
1073	5.625000E-01	9.687500E-01	-5.021355E-01	-8.647889E-01
1074	5.937500E-01	9.687500E-01	-5.225621E-01	-8.526013E-01
1075	6.250000E-01	9.687500E-01	-5.421269E-01	-8.402966E-01
1076	6.562500E-01	9.687500E-01	-5.608481E-01	-8.279187E-01
1077	6.875000E-01	9.687500E-01	-5.787470E-01	-8.155071E-01
1078	7.187500E-01	9.687500E-01	-5.958469E-01	-8.030980E-01
1079	7.500000E-01	9.687500E-01	-6.121732E-01	-7.907237E-01
1080	7.812500E-01	9.687500E-01	-6.277525E-01	-7.784130E-01
1081	8.125000E-01	9.687500E-01	-6.426123E-01	-7.661915E-01
1082	8.437500E-01	9.687500E-01	-6.567807E-01	-7.540816E-01
1083	8.750000E-01	9.687500E-01	-6.702863E-01	-7.421026E-01
1084	9.062500E-01	9.687500E-01	-6.831571E-01	-7.302714E-01
1085	9.375000E-01	9.687500E-01	-6.954214E-01	-7.186021E-01
1086	9.687500E-01	9.687500E-01	-7.071068E-01	-7.071068E-01
1087	1.000000E+00	9.687500E-01	-7.182402E-01	-6.957952E-01
1088	1.031250E+00	9.687500E-01	-7.288481E-01	-6.846755E-01
1089	0.000000E+00	1.000000E+00	-0.000000E+00	-1.000000E+00
1090	3.125000E-02	1.000000E+00	-3.123475E-02	-9.995121E-01
1091	6.250000E-02	1.000000E+00	-6.237829E-02	-9.980526E-01
1092	9.375000E-02	1.000000E+00	-9.334071E-02	-9.956342E-01
1093	1.250000E-01	1.000000E+00	-1.240347E-01	-9.922779E-01
1094	1.562500E-01	1.000000E+00	-1.543769E-01	-9.880120E-01
1095	1.875000E-01	1.000000E+00	-1.842885E-01	-9.828722E-01
1096	2.187500E-01	1.000000E+00	-2.136969E-01	-9.769000E-01
1097	2.500000E-01	1.000000E+00	-2.425356E-01	-9.701425E-01
1098	2.812500E-01	1.000000E+00	-2.707456E-01	-9.626509E-01
1099	3.125000E-01	1.000000E+00	-2.982750E-01	-9.544800E-01
1100	3.437500E-01	1.000000E+00	-3.250798E-01	-9.456866E-01
1101	3.750000E-01	1.000000E+00	-3.511234E-01	-9.363292E-01
1102	4.062500E-01	1.000000E+00	-3.763770E-01	-9.264666E-01
1103	4.375000E-01	1.000000E+00	-4.008188E-01	-9.161573E-01
1104	4.687500E-01	1.000000E+00	-4.244339E-01	-9.054589E-01
1105	5.000000E-01	1.000000E+00	-4.472136E-01	-8.944272E-01
1106	5.312500E-01	1.000000E+00	-4.691552E-01	-8.831157E-01
1107	5.625000E-01	1.000000E+00	-4.902612E-01	-8.715755E-01
1108	5.937500E-01	1.000000E+00	-5.105388E-01	-8.598547E-01
1109	6.250000E-01	1.000000E+00	-5.299989E-01	-8.479983E-01
1110	6.562500E-01	1.000000E+00	-5.486564E-01	-8.360479E-01
1111	6.875000E-01	1.000000E+00	-5.665288E-01	-8.240419E-01
1112	7.187500E-01	1.000000E+00	-5.836360E-01	-8.120154E-01
1113	7.500000E-01	1.000000E+00	-6.000000E-01	-8.000000E-01
1114	7.812500E-01	1.000000E+00	-6.156440E-01	-7.880244E-01
1115	8.125000E-01	1.000000E+00	-6.305926E-01	-7.761140E-01
1116	8.437500E-01	1.000000E+00	-6.448709E-01	-7.642915E-01
1117	8.750000E-01	1.000000E+00	-6.585046E-01	-7.525767E-01
1118	9.062500E-01	1.000000E+00	-6.715194E-01	-7.409870E-01
1119	9.375000E-01	1.000000E+00	-6.839411E-01	-7.295372E-01
1120	9.687500E-01	1.000000E+00	-6.957952E-01	-7.182402E-01
1121	1.000000E+00	1.000000E+00	-7.071068E-01	-7.071068E-01
1122	1.031250E+00	1.000000E+00	-7.179004E-01	-6.961458E-01
1123	0.000000E+00	1.031250E+00	-0.000000E+00	-1.000000E+00
1124	3.125000E-02	1.031250E+00	-3.028913E-02	-9.995412E-01
1125	6.250000E-02	1.031250E+00	-6.049506E-02	-9.981685E-01
1126	9.375000E-02	1.031250E+00	-9.053575E-02	-9.958932E-01
1127	1.250000E-01	1.031250E+00	-1.203314E-01	-9.927338E-01
1128	1.562500E-01	1.031250E+00	-1.498054E-01	-9.887155E-01
1129	1.875000E-01	1.031250E+00	-1.788854E-01	-9.838699E-01
1130	2.187500E-01	1.031250E+00	-2.075042E-01	-9.782341E-01
1131	2.500000E-01	1.031250E+00	-2.356000E-01	-9.718501E-01
1132	2.812500E-01	1.031250E+00	-2.631174E-01	-9.647638E-01
1133	3.125000E-01	1.031250E+00	-2.900074E-01	-9.570244E-01
1134	3.437500E-01	1.031250E+00	-3.162278E-01	-9.486833E-01
1135	3.750000E-01	1.031250E+00	-3.417431E-01	-9.397934E-01
1136	4.062500E-01	1.031250E+00	-3.665245E-01	-9.304084E-01
1137	4.375000E-01	1.031250E+00	-3.905498E-01	-9.205818E-01
1138	4.687500E-01	1.031250E+00	-4.138029E-01	-9.103665E-01
1139	5.000000E-01	1.031250E+00	-4.362735E-01	-8.998141E-01
1140	5.312500E-01	1.031250E+00	-4.579566E-01	-8.889746E-01
1141	5.625000E-01	1.031250E+00	-4.788521E-01	-8.778956E-01
1142	5.937500E-01	1.031250E+00	-4.989644E-01	-8.666225E-01
1143	6.250000E-01	1.031250E+00	-5.183017E-01	-8.551978E-01
1144	6.562500E-01	1.031250E+00	-5.368755E-01	-8.436615E-01
1145	6.875000E-01	1.031250E+00	-5.547002E-01	-8.320503E-01
1146	7.187500E-01	1.031250E+00	-5.717927E-01	-8.203982E-01
1147	7.500000E-01	1.031250E+00	-5.881717E-01	-8.087361E-01
1148	7.812500E-01	1.031250E+00	-6.038577E-01	-7.970921E-01
1149	8.125000E-01	1.031250E+00	-6.188722E-01	-7.854917E-01
1150	8.437500E-01	1.031250E+00	-6.332378E-01	-7.739573E-01
1151	8.750000E-01	1.031250E+00	-6.469774E-01	-7.625091E-01
1152	9.062500E-01	1.031250E+00	-6.601146E-01	-7.511649E-01
1153	9.375000E-01	1.031250E+00	-6.726728E-01	-7.399401E-01
1154	9.687500E-01	1.031250E+00	-6.846755E-01	-7.288481E-01
1155	1.000000E+00	1.031250E+00	-6.961458E-01	-7.179004E-01
1156	1.031250E+00	1.031250E+00	-7.071068E-01	-7.071068E-01
