Indices    Coordinate_x    Coordinate_y    Velocity_x   Velocity_y
1	0.000000E+00	0.000000E+00	0.000000E+00	0.000000E+00
2	3.750000E-02	0.000000E+00	0.000000E+00	0.000000E+00
3	7.500000E-02	0.000000E+00	0.000000E+00	0.000000E+00
4	1.125000E-01	0.000000E+00	0.000000E+00	0.000000E+00
5	1.500000E-01	0.000000E+00	0.000000E+00	0.000000E+00
6	1.875000E-01	0.000000E+00	0.000000E+00	0.000000E+00
7	2.250000E-01	0.000000E+00	0.000000E+00	0.000000E+00
8	2.625000E-01	0.000000E+00	0.000000E+00	0.000000E+00
9	3.000000E-01	0.000000E+00	0.000000E+00	0.000000E+00
10	3.375000E-01	0.000000E+00	0.000000E+00	0.000000E+00
11	3.750000E-01	0.000000E+00	0.000000E+00	0.000000E+00
12	4.125000E-01	0.000000E+00	0.000000E+00	0.000000E+00
13	4.500000E-01	0.000000E+00	0.000000E+00	0.000000E+00
14	4.875000E-01	0.000000E+00	0.000000E+00	0.000000E+00
15	5.250000E-01	0.000000E+00	0.000000E+00	0.000000E+00
16	5.625000E-01	0.000000E+00	0.000000E+00	0.000000E+00
17	6.000000E-01	0.000000E+00	0.000000E+00	0.000000E+00
18	6.375000E-01	0.000000E+00	0.000000E+00	0.000000E+00
19	6.750000E-01	0.000000E+00	0.000000E+00	0.000000E+00
20	7.125000E-01	0.000000E+00	0.000000E+00	0.000000E+00
21	7.500000E-01	0.000000E+00	0.000000E+00	0.000000E+00
22	7.875000E-01	0.000000E+00	0.000000E+00	0.000000E+00
23	8.250000E-01	0.000000E+00	0.000000E+00	0.000000E+00
24	8.625000E-01	0.000000E+00	0.000000E+00	0.000000E+00
25	9.000000E-01	0.000000E+00	0.000000E+00	0.000000E+00
26	9.375000E-01	0.000000E+00	0.000000E+00	0.000000E+00
27	9.750000E-01	0.000000E+00	0.000000E+00	0.000000E+00
28	1.012500E+00	0.000000E+00	0.000000E+00	0.000000E+00
29	1.050000E+00	0.000000E+00	0.000000E+00	0.000000E+00
30	1.087500E+00	0.000000E+00	0.000000E+00	0.000000E+00
31	1.125000E+00	0.000000E+00	0.000000E+00	0.000000E+00
32	1.162500E+00	0.000000E+00	0.000000E+00	0.000000E+00
33	1.200000E+00	0.000000E+00	0.000000E+00	0.000000E+00
34	0.000000E+00	3.750000E-02	0.000000E+00	0.000000E+00
35	3.750000E-02	3.750000E-02	0.000000E+00	0.000000E+00
36	7.500000E-02	3.750000E-02	0.000000E+00	0.000000E+00
37	1.125000E-01	3.750000E-02	0.000000E+00	0.000000E+00
38	1.500000E-01	3.750000E-02	0.000000E+00	0.000000E+00
39	1.875000E-01	3.750000E-02	0.000000E+00	0.000000E+00
40	2.250000E-01	3.750000E-02	0.000000E+00	0.000000E+00
41	2.625000E-01	3.750000E-02	0.000000E+00	0.000000E+00
42	3.000000E-01	3.750000E-02	0.000000E+00	0.000000E+00
43	3.375000E-01	3.750000E-02	0.000000E+00	0.000000E+00
44	3.750000E-01	3.750000E-02	0.000000E+00	0.000000E+00
45	4.125000E-01	3.750000E-02	0.000000E+00	0.000000E+00
46	4.500000E-01	3.750000E-02	0.000000E+00	0.000000E+00
47	4.875000E-01	3.750000E-02	0.000000E+00	0.000000E+00
48	5.250000E-01	3.750000E-02	0.000000E+00	0.000000E+00
49	5.625000E-01	3.750000E-02	0.000000E+00	0.000000E+00
50	6.000000E-01	3.750000E-02	0.000000E+00	0.000000E+00
51	6.375000E-01	3.750000E-02	0.000000E+00	0.000000E+00
52	6.750000E-01	3.750000E-02	0.000000E+00	0.000000E+00
53	7.125000E-01	3.750000E-02	0.000000E+00	0.000000E+00
54	7.500000E-01	3.750000E-02	0.000000E+00	0.000000E+00
55	7.875000E-01	3.750000E-02	0.000000E+00	0.000000E+00
56	8.250000E-01	3.750000E-02	0.000000E+00	0.000000E+00
57	8.625000E-01	3.750000E-02	0.000000E+00	0.000000E+00
58	9.000000E-01	3.750000E-02	0.000000E+00	0.000000E+00
59	9.375000E-01	3.750000E-02	0.000000E+00	0.000000E+00
60	9.750000E-01	3.750000E-02	0.000000E+00	0.000000E+00
61	1.012500E+00	3.750000E-02	0.000000E+00	0.000000E+00
62	1.050000E+00	3.750000E-02	0.000000E+00	0.000000E+00
63	1.087500E+00	3.750000E-02	0.000000E+00	0.000000E+00
64	1.125000E+00	3.750000E-02	0.000000E+00	0.000000E+00
65	1.162500E+00	3.750000E-02	0.000000E+00	0.000000E+00
66	1.200000E+00	3.750000E-02	0.000000E+00	0.000000E+00
67	0.000000E+00	7.500000E-02	0.000000E+00	0.000000E+00
68	3.750000E-02	7.500000E-02	0.000000E+00	0.000000E+00
69	7.500000E-02	7.500000E-02	0.000000E+00	0.000000E+00
70	1.125000E-01	7.500000E-02	0.000000E+00	0.000000E+00
71	1.500000E-01	7.500000E-02	0.000000E+00	0.000000E+00
72	1.875000E-01	7.500000E-02	0.000000E+00	0.000000E+00
73	2.250000E-01	7.500000E-02	0.000000E+00	0.000000E+00
74	2.625000E-01	7.500000E-02	0.000000E+00	0.000000E+00
75	3.000000E-01	7.500000E-02	0.000000E+00	0.000000E+00
76	3.375000E-01	7.500000E-02	0.000000E+00	0.000000E+00
77	3.750000E-01	7.500000E-02	0.000000E+00	0.000000E+00
78	4.125000E-01	7.500000E-02	0.000000E+00	0.000000E+00
79	4.500000E-01	7.500000E-02	0.000000E+00	0.000000E+00
80	4.875000E-01	7.500000E-02	0.000000E+00	0.000000E+00
81	5.250000E-01	7.500000E-02	0.000000E+00	0.000000E+00
82	5.625000E-01	7.500000E-02	0.000000E+00	0.000000E+00
83	6.000000E-01	7.500000E-02	0.000000E+00	0.000000E+00
84	6.375000E-01	7.500000E-02	0.000000E+00	0.000000E+00
85	6.750000E-01	7.500000E-02	0.000000E+00	0.000000E+00
86	7.125000E-01	7.500000E-02	0.000000E+00	0.000000E+00
87	7.500000E-01	7.500000E-02	0.000000E+00	0.000000E+00
88	7.875000E-01	7.500000E-02	0.000000E+00	0.000000E+00
89	8.250000E-01	7.500000E-02	0.000000E+00	0.000000E+00
90	8.625000E-01	7.500000E-02	0.000000E+00	0.000000E+00
91	9.000000E-01	7.500000E-02	0.000000E+00	0.000000E+00
92	9.375000E-01	7.500000E-02	0.000000E+00	0.000000E+00
93	9.750000E-01	7.500000E-02	0.000000E+00	0.000000E+00
94	1.012500E+00	7.500000E-02	0.000000E+00	0.000000E+00
95	1.050000E+00	7.500000E-02	0.000000E+00	0.000000E+00
96	1.087500E+00	7.500000E-02	0.000000E+00	0.000000E+00
97	1.125000E+00	7.500000E-02	0.000000E+00	0.000000E+00
98	1.162500E+00	7.500000E-02	0.000000E+00	0.000000E+00
99	1.200000E+00	7.500000E-02	0.000000E+00	0.000000E+00
100	0.000000E+00	1.125000E-01	0.000000E+00	0.000000E+00
101	3.750000E-02	1.125000E-01	0.000000E+00	0.000000E+00
102	7.500000E-02	1.125000E-01	0.000000E+00	0.000000E+00
103	1.125000E-01	1.125000E-01	0.000000E+00	0.000000E+00
104	1.500000E-01	1.125000E-01	0.000000E+00	0.000000E+00
105	1.875000E-01	1.125000E-01	0.000000E+00	0.000000E+00
106	2.250000E-01	1.125000E-01	0.000000E+00	0.000000E+00
107	2.625000E-01	1.125000E-01	0.000000E+00	0.000000E+00
108	3.000000E-01	1.125000E-01	0.000000E+00	0.000000E+00
109	3.375000E-01	1.125000E-01	0.000000E+00	0.000000E+00
110	3.750000E-01	1.125000E-01	0.000000E+00	0.000000E+00
111	4.125000E-01	1.125000E-01	0.000000E+00	0.000000E+00
112	4.500000E-01	1.125000E-01	0.000000E+00	0.000000E+00
113	4.875000E-01	1.125000E-01	0.000000E+00	0.000000E+00
114	5.250000E-01	1.125000E-01	0.000000E+00	0.000000E+00
115	5.625000E-01	1.125000E-01	0.000000E+00	0.000000E+00
116	6.000000E-01	1.125000E-01	0.000000E+00	0.000000E+00
117	6.375000E-01	1.125000E-01	0.000000E+00	0.000000E+00
118	6.750000E-01	1.125000E-01	0.000000E+00	0.000000E+00
119	7.125000E-01	1.125000E-01	0.000000E+00	0.000000E+00
120	7.500000E-01	1.125000E-01	0.000000E+00	0.000000E+00
121	7.875000E-01	1.125000E-01	0.000000E+00	0.000000E+00
122	8.250000E-01	1.125000E-01	0.000000E+00	0.000000E+00
123	8.625000E-01	1.125000E-01	0.000000E+00	0.000000E+00
124	9.000000E-01	1.125000E-01	0.000000E+00	0.000000E+00
125	9.375000E-01	1.125000E-01	0.000000E+00	0.000000E+00
126	9.750000E-01	1.125000E-01	0.000000E+00	0.000000E+00
127	1.012500E+00	1.125000E-01	0.000000E+00	0.000000E+00
128	1.050000E+00	1.125000E-01	0.000000E+00	0.000000E+00
129	1.087500E+00	1.125000E-01	0.000000E+00	0.000000E+00
130	1.125000E+00	1.125000E-01	0.000000E+00	0.000000E+00
131	1.162500E+00	1.125000E-01	0.000000E+00	0.000000E+00
132	1.200000E+00	1.125000E-01	0.000000E+00	0.000000E+00
133	0.000000E+00	1.500000E-01	0.000000E+00	0.000000E+00
134	3.750000E-02	1.500000E-01	0.000000E+00	0.000000E+00
135	7.500000E-02	1.500000E-01	0.000000E+00	0.000000E+00
136	1.125000E-01	1.500000E-01	0.000000E+00	0.000000E+00
137	1.500000E-01	1.500000E-01	0.000000E+00	0.000000E+00
138	1.875000E-01	1.500000E-01	0.000000E+00	0.000000E+00
139	2.250000E-01	1.500000E-01	0.000000E+00	0.000000E+00
140	2.625000E-01	1.500000E-01	0.000000E+00	0.000000E+00
141	3.000000E-01	1.500000E-01	0.000000E+00	0.000000E+00
142	3.375000E-01	1.500000E-01	0.000000E+00	0.000000E+00
143	3.750000E-01	1.500000E-01	0.000000E+00	0.000000E+00
144	4.125000E-01	1.500000E-01	0.000000E+00	0.000000E+00
145	4.500000E-01	1.500000E-01	0.000000E+00	0.000000E+00
146	4.875000E-01	1.500000E-01	0.000000E+00	0.000000E+00
147	5.250000E-01	1.500000E-01	0.000000E+00	0.000000E+00
148	5.625000E-01	1.500000E-01	0.000000E+00	0.000000E+00
149	6.000000E-01	1.500000E-01	0.000000E+00	0.000000E+00
150	6.375000E-01	1.500000E-01	0.000000E+00	0.000000E+00
151	6.750000E-01	1.500000E-01	0.000000E+00	0.000000E+00
152	7.125000E-01	1.500000E-01	0.000000E+00	0.000000E+00
153	7.500000E-01	1.500000E-01	0.000000E+00	0.000000E+00
154	7.875000E-01	1.500000E-01	0.000000E+00	0.000000E+00
155	8.250000E-01	1.500000E-01	0.000000E+00	0.000000E+00
156	8.625000E-01	1.500000E-01	0.000000E+00	0.000000E+00
157	9.000000E-01	1.500000E-01	0.000000E+00	0.000000E+00
158	9.375000E-01	1.500000E-01	0.000000E+00	0.000000E+00
159	9.750000E-01	1.500000E-01	0.000000E+00	0.000000E+00
160	1.012500E+00	1.500000E-01	0.000000E+00	0.000000E+00
161	1.050000E+00	1.500000E-01	0.000000E+00	0.000000E+00
162	1.087500E+00	1.500000E-01	0.000000E+00	0.000000E+00
163	1.125000E+00	1.500000E-01	0.000000E+00	0.000000E+00
164	1.162500E+00	1.500000E-01	0.000000E+00	0.000000E+00
165	1.200000E+00	1.500000E-01	0.000000E+00	0.000000E+00
166	0.000000E+00	1.875000E-01	0.000000E+00	0.000000E+00
167	3.750000E-02	1.875000E-01	0.000000E+00	0.000000E+00
168	7.500000E-02	1.875000E-01	0.000000E+00	0.000000E+00
169	1.125000E-01	1.875000E-01	0.000000E+00	0.000000E+00
170	1.500000E-01	1.875000E-01	0.000000E+00	0.000000E+00
171	1.875000E-01	1.875000E-01	0.000000E+00	0.000000E+00
172	2.250000E-01	1.875000E-01	0.000000E+00	0.000000E+00
173	2.625000E-01	1.875000E-01	0.000000E+00	0.000000E+00
174	3.000000E-01	1.875000E-01	0.000000E+00	0.000000E+00
175	3.375000E-01	1.875000E-01	0.000000E+00	0.000000E+00
176	3.750000E-01	1.875000E-01	0.000000E+00	0.000000E+00
177	4.125000E-01	1.875000E-01	0.000000E+00	0.000000E+00
178	4.500000E-01	1.875000E-01	0.000000E+00	0.000000E+00
179	4.875000E-01	1.875000E-01	0.000000E+00	0.000000E+00
180	5.250000E-01	1.875000E-01	0.000000E+00	0.000000E+00
181	5.625000E-01	1.875000E-01	0.000000E+00	0.000000E+00
182	6.000000E-01	1.875000E-01	0.000000E+00	0.000000E+00
183	6.375000E-01	1.875000E-01	0.000000E+00	0.000000E+00
184	6.750000E-01	1.875000E-01	0.000000E+00	0.000000E+00
185	7.125000E-01	1.875000E-01	0.000000E+00	0.000000E+00
186	7.500000E-01	1.875000E-01	0.000000E+00	0.000000E+00
187	7.875000E-01	1.875000E-01	0.000000E+00	0.000000E+00
188	8.250000E-01	1.875000E-01	0.000000E+00	0.000000E+00
189	8.625000E-01	1.875000E-01	0.000000E+00	0.000000E+00
190	9.000000E-01	1.875000E-01	0.000000E+00	0.000000E+00
191	9.375000E-01	1.875000E-01	0.000000E+00	0.000000E+00
192	9.750000E-01	1.875000E-01	0.000000E+00	0.000000E+00
193	1.012500E+00	1.875000E-01	0.000000E+00	0.000000E+00
194	1.050000E+00	1.875000E-01	0.000000E+00	0.000000E+00
195	1.087500E+00	1.875000E-01	0.000000E+00	0.000000E+00
196	1.125000E+00	1.875000E-01	0.000000E+00	0.000000E+00
197	1.162500E+00	1.875000E-01	0.000000E+00	0.000000E+00
198	1.200000E+00	1.875000E-01	0.000000E+00	0.000000E+00
199	0.000000E+00	2.250000E-01	0.000000E+00	0.000000E+00
200	3.750000E-02	2.250000E-01	0.000000E+00	0.000000E+00
201	7.500000E-02	2.250000E-01	0.000000E+00	0.000000E+00
202	1.125000E-01	2.250000E-01	0.000000E+00	0.000000E+00
203	1.500000E-01	2.250000E-01	0.000000E+00	0.000000E+00
204	1.875000E-01	2.250000E-01	0.000000E+00	0.000000E+00
205	2.250000E-01	2.250000E-01	0.000000E+00	0.000000E+00
206	2.625000E-01	2.250000E-01	0.000000E+00	0.000000E+00
207	3.000000E-01	2.250000E-01	0.000000E+00	0.000000E+00
208	3.375000E-01	2.250000E-01	0.000000E+00	0.000000E+00
209	3.750000E-01	2.250000E-01	0.000000E+00	0.000000E+00
210	4.125000E-01	2.250000E-01	0.000000E+00	0.000000E+00
211	4.500000E-01	2.250000E-01	0.000000E+00	0.000000E+00
212	4.875000E-01	2.250000E-01	0.000000E+00	0.000000E+00
213	5.250000E-01	2.250000E-01	0.000000E+00	0.000000E+00
214	5.625000E-01	2.250000E-01	0.000000E+00	0.000000E+00
215	6.000000E-01	2.250000E-01	0.000000E+00	0.000000E+00
216	6.375000E-01	2.250000E-01	0.000000E+00	0.000000E+00
217	6.750000E-01	2.250000E-01	0.000000E+00	0.000000E+00
218	7.125000E-01	2.250000E-01	0.000000E+00	0.000000E+00
219	7.500000E-01	2.250000E-01	0.000000E+00	0.000000E+00
220	7.875000E-01	2.250000E-01	0.000000E+00	0.000000E+00
221	8.250000E-01	2.250000E-01	0.000000E+00	0.000000E+00
222	8.625000E-01	2.250000E-01	0.000000E+00	0.000000E+00
223	9.000000E-01	2.250000E-01	0.000000E+00	0.000000E+00
224	9.375000E-01	2.250000E-01	0.000000E+00	0.000000E+00
225	9.750000E-01	2.250000E-01	0.000000E+00	0.000000E+00
226	1.012500E+00	2.250000E-01	0.000000E+00	0.000000E+00
227	1.050000E+00	2.250000E-01	0.000000E+00	0.000000E+00
228	1.087500E+00	2.250000E-01	0.000000E+00	0.000000E+00
229	1.125000E+00	2.250000E-01	0.000000E+00	0.000000E+00
230	1.162500E+00	2.250000E-01	0.000000E+00	0.000000E+00
231	1.200000E+00	2.250000E-01	0.000000E+00	0.000000E+00
232	0.000000E+00	2.625000E-01	0.000000E+00	0.000000E+00
233	3.750000E-02	2.625000E-01	0.000000E+00	0.000000E+00
234	7.500000E-02	2.625000E-01	0.000000E+00	0.000000E+00
235	1.125000E-01	2.625000E-01	0.000000E+00	0.000000E+00
236	1.500000E-01	2.625000E-01	0.000000E+00	0.000000E+00
237	1.875000E-01	2.625000E-01	0.000000E+00	0.000000E+00
238	2.250000E-01	2.625000E-01	0.000000E+00	0.000000E+00
239	2.625000E-01	2.625000E-01	0.000000E+00	0.000000E+00
240	3.000000E-01	2.625000E-01	0.000000E+00	0.000000E+00
241	3.375000E-01	2.625000E-01	0.000000E+00	0.000000E+00
242	3.750000E-01	2.625000E-01	0.000000E+00	0.000000E+00
243	4.125000E-01	2.625000E-01	0.000000E+00	0.000000E+00
244	4.500000E-01	2.625000E-01	0.000000E+00	0.000000E+00
245	4.875000E-01	2.625000E-01	0.000000E+00	0.000000E+00
246	5.250000E-01	2.625000E-01	0.000000E+00	0.000000E+00
247	5.625000E-01	2.625000E-01	0.000000E+00	0.000000E+00
248	6.000000E-01	2.625000E-01	0.000000E+00	0.000000E+00
249	6.375000E-01	2.625000E-01	0.000000E+00	0.000000E+00
250	6.750000E-01	2.625000E-01	0.000000E+00	0.000000E+00
251	7.125000E-01	2.625000E-01	0.000000E+00	0.000000E+00
252	7.500000E-01	2.625000E-01	0.000000E+00	0.000000E+00
253	7.875000E-01	2.625000E-01	0.000000E+00	0.000000E+00
254	8.250000E-01	2.625000E-01	0.000000E+00	0.000000E+00
255	8.625000E-01	2.625000E-01	0.000000E+00	0.000000E+00
256	9.000000E-01	2.625000E-01	0.000000E+00	0.000000E+00
257	9.375000E-01	2.625000E-01	0.000000E+00	0.000000E+00
258	9.750000E-01	2.625000E-01	0.000000E+00	0.000000E+00
259	1.012500E+00	2.625000E-01	0.000000E+00	0.000000E+00
260	1.050000E+00	2.625000E-01	0.000000E+00	0.000000E+00
261	1.087500E+00	2.625000E-01	0.000000E+00	0.000000E+00
262	1.125000E+00	2.625000E-01	0.000000E+00	0.000000E+00
263	1.162500E+00	2.625000E-01	0.000000E+00	0.000000E+00
264	1.200000E+00	2.625000E-01	0.000000E+00	0.000000E+00
265	0.000000E+00	3.000000E-01	0.000000E+00	0.000000E+00
266	3.750000E-02	3.000000E-01	0.000000E+00	0.000000E+00
267	7.500000E-02	3.000000E-01	0.000000E+00	0.000000E+00
268	1.125000E-01	3.000000E-01	0.000000E+00	0.000000E+00
269	1.500000E-01	3.000000E-01	0.000000E+00	0.000000E+00
270	1.875000E-01	3.000000E-01	0.000000E+00	0.000000E+00
271	2.250000E-01	3.000000E-01	0.000000E+00	0.000000E+00
272	2.625000E-01	3.000000E-01	0.000000E+00	0.000000E+00
273	3.000000E-01	3.000000E-01	0.000000E+00	0.000000E+00
274	3.375000E-01	3.000000E-01	0.000000E+00	0.000000E+00
275	3.750000E-01	3.000000E-01	0.000000E+00	0.000000E+00
276	4.125000E-01	3.000000E-01	0.000000E+00	0.000000E+00
277	4.500000E-01	3.000000E-01	0.000000E+00	0.000000E+00
278	4.875000E-01	3.000000E-01	0.000000E+00	0.000000E+00
279	5.250000E-01	3.000000E-01	0.000000E+00	0.000000E+00
280	5.625000E-01	3.000000E-01	0.000000E+00	0.000000E+00
281	6.000000E-01	3.000000E-01	0.000000E+00	0.000000E+00
282	6.375000E-01	3.000000E-01	0.000000E+00	0.000000E+00
283	6.750000E-01	3.000000E-01	0.000000E+00	0.000000E+00
284	7.125000E-01	3.000000E-01	0.000000E+00	0.000000E+00
285	7.500000E-01	3.000000E-01	0.000000E+00	0.000000E+00
286	7.875000E-01	3.000000E-01	0.000000E+00	0.000000E+00
287	8.250000E-01	3.000000E-01	0.000000E+00	0.000000E+00
288	8.625000E-01	3.000000E-01	0.000000E+00	0.000000E+00
289	9.000000E-01	3.000000E-01	0.000000E+00	0.000000E+00
290	9.375000E-01	3.000000E-01	0.000000E+00	0.000000E+00
291	9.750000E-01	3.000000E-01	0.000000E+00	0.000000E+00
292	1.012500E+00	3.000000E-01	0.000000E+00	0.000000E+00
293	1.050000E+00	3.000000E-01	0.000000E+00	0.000000E+00
294	1.087500E+00	3.000000E-01	0.000000E+00	0.000000E+00
295	1.125000E+00	3.000000E-01	0.000000E+00	0.000000E+00
296	1.162500E+00	3.000000E-01	0.000000E+00	0.000000E+00
297	1.200000E+00	3.000000E-01	0.000000E+00	0.000000E+00
298	0.000000E+00	3.375000E-01	0.000000E+00	0.000000E+00
299	3.750000E-02	3.375000E-01	0.000000E+00	0.000000E+00
300	7.500000E-02	3.375000E-01	0.000000E+00	0.000000E+00
301	1.125000E-01	3.375000E-01	0.000000E+00	0.000000E+00
302	1.500000E-01	3.375000E-01	0.000000E+00	0.000000E+00
303	1.875000E-01	3.375000E-01	0.000000E+00	0.000000E+00
304	2.250000E-01	3.375000E-01	0.000000E+00	0.000000E+00
305	2.625000E-01	3.375000E-01	0.000000E+00	0.000000E+00
306	3.000000E-01	3.375000E-01	0.000000E+00	0.000000E+00
307	3.375000E-01	3.375000E-01	0.000000E+00	0.000000E+00
308	3.750000E-01	3.375000E-01	0.000000E+00	0.000000E+00
309	4.125000E-01	3.375000E-01	0.000000E+00	0.000000E+00
310	4.500000E-01	3.375000E-01	0.000000E+00	0.000000E+00
311	4.875000E-01	3.375000E-01	0.000000E+00	0.000000E+00
312	5.250000E-01	3.375000E-01	0.000000E+00	0.000000E+00
313	5.625000E-01	3.375000E-01	0.000000E+00	0.000000E+00
314	6.000000E-01	3.375000E-01	0.000000E+00	0.000000E+00
315	6.375000E-01	3.375000E-01	0.000000E+00	0.000000E+00
316	6.750000E-01	3.375000E-01	0.000000E+00	0.000000E+00
317	7.125000E-01	3.375000E-01	0.000000E+00	0.000000E+00
318	7.500000E-01	3.375000E-01	0.000000E+00	0.000000E+00
319	7.875000E-01	3.375000E-01	0.000000E+00	0.000000E+00
320	8.250000E-01	3.375000E-01	0.000000E+00	0.000000E+00
321	8.625000E-01	3.375000E-01	0.000000E+00	0.000000E+00
322	9.000000E-01	3.375000E-01	0.000000E+00	0.000000E+00
323	9.375000E-01	3.375000E-01	0.000000E+00	0.000000E+00
324	9.750000E-01	3.375000E-01	0.000000E+00	0.000000E+00
325	1.012500E+00	3.375000E-01	0.000000E+00	0.000000E+00
326	1.050000E+00	3.375000E-01	0.000000E+00	0.000000E+00
327	1.087500E+00	3.375000E-01	0.000000E+00	0.000000E+00
328	1.125000E+00	3.375000E-01	0.000000E+00	0.000000E+00
329	1.162500E+00	3.375000E-01	0.000000E+00	0.000000E+00
330	1.200000E+00	3.375000E-01	0.000000E+00	0.000000E+00
331	0.000000E+00	3.750000E-01	0.000000E+00	0.000000E+00
332	3.750000E-02	3.750000E-01	0.000000E+00	0.000000E+00
333	7.500000E-02	3.750000E-01	0.000000E+00	0.000000E+00
334	1.125000E-01	3.750000E-01	0.000000E+00	0.000000E+00
335	1.500000E-01	3.750000E-01	0.000000E+00	0.000000E+00
336	1.875000E-01	3.750000E-01	0.000000E+00	0.000000E+00
337	2.250000E-01	3.750000E-01	0.000000E+00	0.000000E+00
338	2.625000E-01	3.750000E-01	0.000000E+00	0.000000E+00
339	3.000000E-01	3.750000E-01	0.000000E+00	0.000000E+00
340	3.375000E-01	3.750000E-01	0.000000E+00	0.000000E+00
341	3.750000E-01	3.750000E-01	0.000000E+00	0.000000E+00
342	4.125000E-01	3.750000E-01	0.000000E+00	0.000000E+00
343	4.500000E-01	3.750000E-01	0.000000E+00	0.000000E+00
344	4.875000E-01	3.750000E-01	0.000000E+00	0.000000E+00
345	5.250000E-01	3.750000E-01	0.000000E+00	0.000000E+00
346	5.625000E-01	3.750000E-01	0.000000E+00	0.000000E+00
347	6.000000E-01	3.750000E-01	0.000000E+00	0.000000E+00
348	6.375000E-01	3.750000E-01	0.000000E+00	0.000000E+00
349	6.750000E-01	3.750000E-01	0.000000E+00	0.000000E+00
350	7.125000E-01	3.750000E-01	0.000000E+00	0.000000E+00
351	7.500000E-01	3.750000E-01	0.000000E+00	0.000000E+00
352	7.875000E-01	3.750000E-01	0.000000E+00	0.000000E+00
353	8.250000E-01	3.750000E-01	0.000000E+00	0.000000E+00
354	8.625000E-01	3.750000E-01	0.000000E+00	0.000000E+00
355	9.000000E-01	3.750000E-01	0.000000E+00	0.000000E+00
356	9.375000E-01	3.750000E-01	0.000000E+00	0.000000E+00
357	9.750000E-01	3.750000E-01	0.000000E+00	0.000000E+00
358	1.012500E+00	3.750000E-01	0.000000E+00	0.000000E+00
359	1.050000E+00	3.750000E-01	0.000000E+00	0.000000E+00
360	1.087500E+00	3.750000E-01	0.000000E+00	0.000000E+00
361	1.125000E+00	3.750000E-01	0.000000E+00	0.000000E+00
362	1.162500E+00	3.750000E-01	0.000000E+00	0.000000E+00
363	1.200000E+00	3.750000E-01	0.000000E+00	0.000000E+00
364	0.000000E+00	4.125000E-01	0.000000E+00	0.000000E+00
365	3.750000E-02	4.125000E-01	0.000000E+00	0.000000E+00
366	7.500000E-02	4.125000E-01	0.000000E+00	0.000000E+00
367	1.125000E-01	4.125000E-01	0.000000E+00	0.000000E+00
368	1.500000E-01	4.125000E-01	0.000000E+00	0.000000E+00
369	1.875000E-01	4.125000E-01	0.000000E+00	0.000000E+00
370	2.250000E-01	4.125000E-01	0.000000E+00	0.000000E+00
371	2.625000E-01	4.125000E-01	0.000000E+00	0.000000E+00
372	3.000000E-01	4.125000E-01	0.000000E+00	0.000000E+00
373	3.375000E-01	4.125000E-01	0.000000E+00	0.000000E+00
374	3.750000E-01	4.125000E-01	0.000000E+00	0.000000E+00
375	4.125000E-01	4.125000E-01	0.000000E+00	0.000000E+00
376	4.500000E-01	4.125000E-01	0.000000E+00	0.000000E+00
377	4.875000E-01	4.125000E-01	0.000000E+00	0.000000E+00
378	5.250000E-01	4.125000E-01	0.000000E+00	0.000000E+00
379	5.625000E-01	4.125000E-01	0.000000E+00	0.000000E+00
380	6.000000E-01	4.125000E-01	0.000000E+00	0.000000E+00
381	6.375000E-01	4.125000E-01	0.000000E+00	0.000000E+00
382	6.750000E-01	4.125000E-01	0.000000E+00	0.000000E+00
383	7.125000E-01	4.125000E-01	0.000000E+00	0.000000E+00
384	7.500000E-01	4.125000E-01	0.000000E+00	0.000000E+00
385	7.875000E-01	4.125000E-01	0.000000E+00	0.000000E+00
386	8.250000E-01	4.125000E-01	0.000000E+00	0.000000E+00
387	8.625000E-01	4.125000E-01	0.000000E+00	0.000000E+00
388	9.000000E-01	4.125000E-01	0.000000E+00	0.000000E+00
389	9.375000E-01	4.125000E-01	0.000000E+00	0.000000E+00
390	9.750000E-01	4.125000E-01	0.000000E+00	0.000000E+00
391	1.012500E+00	4.125000E-01	0.000000E+00	0.000000E+00
392	1.050000E+00	4.125000E-01	0.000000E+00	0.000000E+00
393	1.087500E+00	4.125000E-01	0.000000E+00	0.000000E+00
394	1.125000E+00	4.125000E-01	0.000000E+00	0.000000E+00
395	1.162500E+00	4.125000E-01	0.000000E+00	0.000000E+00
396	1.200000E+00	4.125000E-01	0.000000E+00	0.000000E+00
397	0.000000E+00	4.500000E-01	0.000000E+00	0.000000E+00
398	3.750000E-02	4.500000E-01	0.000000E+00	0.000000E+00
399	7.500000E-02	4.500000E-01	0.000000E+00	0.000000E+00
400	1.125000E-01	4.500000E-01	0.000000E+00	0.000000E+00
401	1.500000E-01	4.500000E-01	0.000000E+00	0.000000E+00
402	1.875000E-01	4.500000E-01	0.000000E+00	0.000000E+00
403	2.250000E-01	4.500000E-01	0.000000E+00	0.000000E+00
404	2.625000E-01	4.500000E-01	0.000000E+00	0.000000E+00
405	3.000000E-01	4.500000E-01	0.000000E+00	0.000000E+00
406	3.375000E-01	4.500000E-01	0.000000E+00	0.000000E+00
407	3.750000E-01	4.500000E-01	0.000000E+00	0.000000E+00
408	4.125000E-01	4.500000E-01	0.000000E+00	0.000000E+00
409	4.500000E-01	4.500000E-01	0.000000E+00	0.000000E+00
410	4.875000E-01	4.500000E-01	0.000000E+00	0.000000E+00
411	5.250000E-01	4.500000E-01	0.000000E+00	0.000000E+00
412	5.625000E-01	4.500000E-01	0.000000E+00	0.000000E+00
413	6.000000E-01	4.500000E-01	0.000000E+00	0.000000E+00
414	6.375000E-01	4.500000E-01	0.000000E+00	0.000000E+00
415	6.750000E-01	4.500000E-01	0.000000E+00	0.000000E+00
416	7.125000E-01	4.500000E-01	0.000000E+00	0.000000E+00
417	7.500000E-01	4.500000E-01	0.000000E+00	0.000000E+00
418	7.875000E-01	4.500000E-01	0.000000E+00	0.000000E+00
419	8.250000E-01	4.500000E-01	0.000000E+00	0.000000E+00
420	8.625000E-01	4.500000E-01	0.000000E+00	0.000000E+00
421	9.000000E-01	4.500000E-01	0.000000E+00	0.000000E+00
422	9.375000E-01	4.500000E-01	0.000000E+00	0.000000E+00
423	9.750000E-01	4.500000E-01	0.000000E+00	0.000000E+00
424	1.012500E+00	4.500000E-01	0.000000E+00	0.000000E+00
425	1.050000E+00	4.500000E-01	0.000000E+00	0.000000E+00
426	1.087500E+00	4.500000E-01	0.000000E+00	0.000000E+00
427	1.125000E+00	4.500000E-01	0.000000E+00	0.000000E+00
428	1.162500E+00	4.500000E-01	0.000000E+00	0.000000E+00
429	1.200000E+00	4.500000E-01	0.000000E+00	0.000000E+00
430	0.000000E+00	4.875000E-01	0.000000E+00	0.000000E+00
431	3.750000E-02	4.875000E-01	0.000000E+00	0.000000E+00
432	7.500000E-02	4.875000E-01	0.000000E+00	0.000000E+00
433	1.125000E-01	4.875000E-01	0.000000E+00	0.000000E+00
434	1.500000E-01	4.875000E-01	0.000000E+00	0.000000E+00
435	1.875000E-01	4.875000E-01	0.000000E+00	0.000000E+00
436	2.250000E-01	4.875000E-01	0.000000E+00	0.000000E+00
437	2.625000E-01	4.875000E-01	0.000000E+00	0.000000E+00
438	3.000000E-01	4.875000E-01	0.000000E+00	0.000000E+00
439	3.375000E-01	4.875000E-01	0.000000E+00	0.000000E+00
440	3.750000E-01	4.875000E-01	0.000000E+00	0.000000E+00
441	4.125000E-01	4.875000E-01	0.000000E+00	0.000000E+00
442	4.500000E-01	4.875000E-01	0.000000E+00	0.000000E+00
443	4.875000E-01	4.875000E-01	0.000000E+00	0.000000E+00
444	5.250000E-01	4.875000E-01	0.000000E+00	0.000000E+00
445	5.625000E-01	4.875000E-01	0.000000E+00	0.000000E+00
446	6.000000E-01	4.875000E-01	0.000000E+00	0.000000E+00
447	6.375000E-01	4.875000E-01	0.000000E+00	0.000000E+00
448	6.750000E-01	4.875000E-01	0.000000E+00	0.000000E+00
449	7.125000E-01	4.875000E-01	0.000000E+00	0.000000E+00
450	7.500000E-01	4.875000E-01	0.000000E+00	0.000000E+00
451	7.875000E-01	4.875000E-01	0.000000E+00	0.000000E+00
452	8.250000E-01	4.875000E-01	0.000000E+00	0.000000E+00
453	8.625000E-01	4.875000E-01	0.000000E+00	0.000000E+00
454	9.000000E-01	4.875000E-01	0.000000E+00	0.000000E+00
455	9.375000E-01	4.875000E-01	0.000000E+00	0.000000E+00
456	9.750000E-01	4.875000E-01	0.000000E+00	0.000000E+00
457	1.012500E+00	4.875000E-01	0.000000E+00	0.000000E+00
458	1.050000E+00	4.875000E-01	0.000000E+00	0.000000E+00
459	1.087500E+00	4.875000E-01	0.000000E+00	0.000000E+00
460	1.125000E+00	4.875000E-01	0.000000E+00	0.000000E+00
461	1.162500E+00	4.875000E-01	0.000000E+00	0.000000E+00
462	1.200000E+00	4.875000E-01	0.000000E+00	0.000000E+00
463	0.000000E+00	5.250000E-01	0.000000E+00	0.000000E+00
464	3.750000E-02	5.250000E-01	0.000000E+00	0.000000E+00
465	7.500000E-02	5.250000E-01	0.000000E+00	0.000000E+00
466	1.125000E-01	5.250000E-01	0.000000E+00	0.000000E+00
467	1.500000E-01	5.250000E-01	0.000000E+00	0.000000E+00
468	1.875000E-01	5.250000E-01	0.000000E+00	0.000000E+00
469	2.250000E-01	5.250000E-01	0.000000E+00	0.000000E+00
470	2.625000E-01	5.250000E-01	0.000000E+00	0.000000E+00
471	3.000000E-01	5.250000E-01	0.000000E+00	0.000000E+00
472	3.375000E-01	5.250000E-01	0.000000E+00	0.000000E+00
473	3.750000E-01	5.250000E-01	0.000000E+00	0.000000E+00
474	4.125000E-01	5.250000E-01	0.000000E+00	0.000000E+00
475	4.500000E-01	5.250000E-01	0.000000E+00	0.000000E+00
476	4.875000E-01	5.250000E-01	0.000000E+00	0.000000E+00
477	5.250000E-01	5.250000E-01	0.000000E+00	0.000000E+00
478	5.625000E-01	5.250000E-01	0.000000E+00	0.000000E+00
479	6.000000E-01	5.250000E-01	0.000000E+00	0.000000E+00
480	6.375000E-01	5.250000E-01	0.000000E+00	0.000000E+00
481	6.750000E-01	5.250000E-01	0.000000E+00	0.000000E+00
482	7.125000E-01	5.250000E-01	0.000000E+00	0.000000E+00
483	7.500000E-01	5.250000E-01	0.000000E+00	0.000000E+00
484	7.875000E-01	5.250000E-01	0.000000E+00	0.000000E+00
485	8.250000E-01	5.250000E-01	0.000000E+00	0.000000E+00
486	8.625000E-01	5.250000E-01	0.000000E+00	0.000000E+00
487	9.000000E-01	5.250000E-01	0.000000E+00	0.000000E+00
488	9.375000E-01	5.250000E-01	0.000000E+00	0.000000E+00
489	9.750000E-01	5.250000E-01	0.000000E+00	0.000000E+00
490	1.012500E+00	5.250000E-01	0.000000E+00	0.000000E+00
491	1.050000E+00	5.250000E-01	0.000000E+00	0.000000E+00
492	1.087500E+00	5.250000E-01	0.000000E+00	0.000000E+00
493	1.125000E+00	5.250000E-01	0.000000E+00	0.000000E+00
494	1.162500E+00	5.250000E-01	0.000000E+00	0.000000E+00
495	1.200000E+00	5.250000E-01	0.000000E+00	0.000000E+00
496	0.000000E+00	5.625000E-01	0.000000E+00	0.000000E+00
497	3.750000E-02	5.625000E-01	0.000000E+00	0.000000E+00
498	7.500000E-02	5.625000E-01	0.000000E+00	0.000000E+00
499	1.125000E-01	5.625000E-01	0.000000E+00	0.000000E+00
500	1.500000E-01	5.625000E-01	0.000000E+00	0.000000E+00
501	1.875000E-01	5.625000E-01	0.000000E+00	0.000000E+00
502	2.250000E-01	5.625000E-01	0.000000E+00	0.000000E+00
503	2.625000E-01	5.625000E-01	0.000000E+00	0.000000E+00
504	3.000000E-01	5.625000E-01	0.000000E+00	0.000000E+00
505	3.375000E-01	5.625000E-01	0.000000E+00	0.000000E+00
506	3.750000E-01	5.625000E-01	0.000000E+00	0.000000E+00
507	4.125000E-01	5.625000E-01	0.000000E+00	0.000000E+00
508	4.500000E-01	5.625000E-01	0.000000E+00	0.000000E+00
509	4.875000E-01	5.625000E-01	0.000000E+00	0.000000E+00
510	5.250000E-01	5.625000E-01	0.000000E+00	0.000000E+00
511	5.625000E-01	5.625000E-01	0.000000E+00	0.000000E+00
512	6.000000E-01	5.625000E-01	0.000000E+00	0.000000E+00
513	6.375000E-01	5.625000E-01	0.000000E+00	0.000000E+00
514	6.750000E-01	5.625000E-01	0.000000E+00	0.000000E+00
515	7.125000E-01	5.625000E-01	0.000000E+00	0.000000E+00
516	7.500000E-01	5.625000E-01	0.000000E+00	0.000000E+00
517	7.875000E-01	5.625000E-01	0.000000E+00	0.000000E+00
518	8.250000E-01	5.625000E-01	0.000000E+00	0.000000E+00
519	8.625000E-01	5.625000E-01	0.000000E+00	0.000000E+00
520	9.000000E-01	5.625000E-01	0.000000E+00	0.000000E+00
521	9.375000E-01	5.625000E-01	0.000000E+00	0.000000E+00
522	9.750000E-01	5.625000E-01	0.000000E+00	0.000000E+00
523	1.012500E+00	5.625000E-01	0.000000E+00	0.000000E+00
524	1.050000E+00	5.625000E-01	0.000000E+00	0.000000E+00
525	1.087500E+00	5.625000E-01	0.000000E+00	0.000000E+00
526	1.125000E+00	5.625000E-01	0.000000E+00	0.000000E+00
527	1.162500E+00	5.625000E-01	0.000000E+00	0.000000E+00
528	1.200000E+00	5.625000E-01	0.000000E+00	0.000000E+00
529	0.000000E+00	6.000000E-01	0.000000E+00	0.000000E+00
530	3.750000E-02	6.000000E-01	0.000000E+00	0.000000E+00
531	7.500000E-02	6.000000E-01	0.000000E+00	0.000000E+00
532	1.125000E-01	6.000000E-01	0.000000E+00	0.000000E+00
533	1.500000E-01	6.000000E-01	0.000000E+00	0.000000E+00
534	1.875000E-01	6.000000E-01	0.000000E+00	0.000000E+00
535	2.250000E-01	6.000000E-01	0.000000E+00	0.000000E+00
536	2.625000E-01	6.000000E-01	0.000000E+00	0.000000E+00
537	3.000000E-01	6.000000E-01	0.000000E+00	0.000000E+00
538	3.375000E-01	6.000000E-01	0.000000E+00	0.000000E+00
539	3.750000E-01	6.000000E-01	0.000000E+00	0.000000E+00
540	4.125000E-01	6.000000E-01	0.000000E+00	0.000000E+00
541	4.500000E-01	6.000000E-01	0.000000E+00	0.000000E+00
542	4.875000E-01	6.000000E-01	0.000000E+00	0.000000E+00
543	5.250000E-01	6.000000E-01	0.000000E+00	0.000000E+00
544	5.625000E-01	6.000000E-01	0.000000E+00	0.000000E+00
545	6.000000E-01	6.000000E-01	0.000000E+00	0.000000E+00
546	6.375000E-01	6.000000E-01	0.000000E+00	0.000000E+00
547	6.750000E-01	6.000000E-01	0.000000E+00	0.000000E+00
548	7.125000E-01	6.000000E-01	0.000000E+00	0.000000E+00
549	7.500000E-01	6.000000E-01	0.000000E+00	0.000000E+00
550	7.875000E-01	6.000000E-01	0.000000E+00	0.000000E+00
551	8.250000E-01	6.000000E-01	0.000000E+00	0.000000E+00
552	8.625000E-01	6.000000E-01	0.000000E+00	0.000000E+00
553	9.000000E-01	6.000000E-01	0.000000E+00	0.000000E+00
554	9.375000E-01	6.000000E-01	0.000000E+00	0.000000E+00
555	9.750000E-01	6.000000E-01	0.000000E+00	0.000000E+00
556	1.012500E+00	6.000000E-01	0.000000E+00	0.000000E+00
557	1.050000E+00	6.000000E-01	0.000000E+00	0.000000E+00
558	1.087500E+00	6.000000E-01	0.000000E+00	0.000000E+00
559	1.125000E+00	6.000000E-01	0.000000E+00	0.000000E+00
560	1.162500E+00	6.000000E-01	0.000000E+00	0.000000E+00
561	1.200000E+00	6.000000E-01	0.000000E+00	0.000000E+00
562	0.000000E+00	6.375000E-01	0.000000E+00	0.000000E+00
563	3.750000E-02	6.375000E-01	0.000000E+00	0.000000E+00
564	7.500000E-02	6.375000E-01	0.000000E+00	0.000000E+00
565	1.125000E-01	6.375000E-01	0.000000E+00	0.000000E+00
566	1.500000E-01	6.375000E-01	0.000000E+00	0.000000E+00
567	1.875000E-01	6.375000E-01	0.000000E+00	0.000000E+00
568	2.250000E-01	6.375000E-01	0.000000E+00	0.000000E+00
569	2.625000E-01	6.375000E-01	0.000000E+00	0.000000E+00
570	3.000000E-01	6.375000E-01	0.000000E+00	0.000000E+00
571	3.375000E-01	6.375000E-01	0.000000E+00	0.000000E+00
572	3.750000E-01	6.375000E-01	0.000000E+00	0.000000E+00
573	4.125000E-01	6.375000E-01	0.000000E+00	0.000000E+00
574	4.500000E-01	6.375000E-01	0.000000E+00	0.000000E+00
575	4.875000E-01	6.375000E-01	0.000000E+00	0.000000E+00
576	5.250000E-01	6.375000E-01	0.000000E+00	0.000000E+00
577	5.625000E-01	6.375000E-01	0.000000E+00	0.000000E+00
578	6.000000E-01	6.375000E-01	0.000000E+00	0.000000E+00
579	6.375000E-01	6.375000E-01	0.000000E+00	0.000000E+00
580	6.750000E-01	6.375000E-01	0.000000E+00	0.000000E+00
581	7.125000E-01	6.375000E-01	0.000000E+00	0.000000E+00
582	7.500000E-01	6.375000E-01	0.000000E+00	0.000000E+00
583	7.875000E-01	6.375000E-01	0.000000E+00	0.000000E+00
584	8.250000E-01	6.375000E-01	0.000000E+00	0.000000E+00
585	8.625000E-01	6.375000E-01	0.000000E+00	0.000000E+00
586	9.000000E-01	6.375000E-01	0.000000E+00	0.000000E+00
587	9.375000E-01	6.375000E-01	0.000000E+00	0.000000E+00
588	9.750000E-01	6.375000E-01	0.000000E+00	0.000000E+00
589	1.012500E+00	6.375000E-01	0.000000E+00	0.000000E+00
590	1.050000E+00	6.375000E-01	0.000000E+00	0.000000E+00
591	1.087500E+00	6.375000E-01	0.000000E+00	0.000000E+00
592	1.125000E+00	6.375000E-01	0.000000E+00	0.000000E+00
593	1.162500E+00	6.375000E-01	0.000000E+00	0.000000E+00
594	1.200000E+00	6.375000E-01	0.000000E+00	0.000000E+00
595	0.000000E+00	6.750000E-01	0.000000E+00	0.000000E+00
596	3.750000E-02	6.750000E-01	0.000000E+00	0.000000E+00
597	7.500000E-02	6.750000E-01	0.000000E+00	0.000000E+00
598	1.125000E-01	6.750000E-01	0.000000E+00	0.000000E+00
599	1.500000E-01	6.750000E-01	0.000000E+00	0.000000E+00
600	1.875000E-01	6.750000E-01	0.000000E+00	0.000000E+00
601	2.250000E-01	6.750000E-01	0.000000E+00	0.000000E+00
602	2.625000E-01	6.750000E-01	0.000000E+00	0.000000E+00
603	3.000000E-01	6.750000E-01	0.000000E+00	0.000000E+00
604	3.375000E-01	6.750000E-01	0.000000E+00	0.000000E+00
605	3.750000E-01	6.750000E-01	0.000000E+00	0.000000E+00
606	4.125000E-01	6.750000E-01	0.000000E+00	0.000000E+00
607	4.500000E-01	6.750000E-01	0.000000E+00	0.000000E+00
608	4.875000E-01	6.750000E-01	0.000000E+00	0.000000E+00
609	5.250000E-01	6.750000E-01	0.000000E+00	0.000000E+00
610	5.625000E-01	6.750000E-01	0.000000E+00	0.000000E+00
611	6.000000E-01	6.750000E-01	0.000000E+00	0.000000E+00
612	6.375000E-01	6.750000E-01	0.000000E+00	0.000000E+00
613	6.750000E-01	6.750000E-01	0.000000E+00	0.000000E+00
614	7.125000E-01	6.750000E-01	0.000000E+00	0.000000E+00
615	7.500000E-01	6.750000E-01	0.000000E+00	0.000000E+00
616	7.875000E-01	6.750000E-01	0.000000E+00	0.000000E+00
617	8.250000E-01	6.750000E-01	0.000000E+00	0.000000E+00
618	8.625000E-01	6.750000E-01	0.000000E+00	0.000000E+00
619	9.000000E-01	6.750000E-01	0.000000E+00	0.000000E+00
620	9.375000E-01	6.750000E-01	0.000000E+00	0.000000E+00
621	9.750000E-01	6.750000E-01	0.000000E+00	0.000000E+00
622	1.012500E+00	6.750000E-01	0.000000E+00	0.000000E+00
623	1.050000E+00	6.750000E-01	0.000000E+00	0.000000E+00
624	1.087500E+00	6.750000E-01	0.000000E+00	0.000000E+00
625	1.125000E+00	6.750000E-01	0.000000E+00	0.000000E+00
626	1.162500E+00	6.750000E-01	0.000000E+00	0.000000E+00
627	1.200000E+00	6.750000E-01	0.000000E+00	0.000000E+00
628	0.000000E+00	7.125000E-01	0.000000E+00	0.000000E+00
629	3.750000E-02	7.125000E-01	0.000000E+00	0.000000E+00
630	7.500000E-02	7.125000E-01	0.000000E+00	0.000000E+00
631	1.125000E-01	7.125000E-01	0.000000E+00	0.000000E+00
632	1.500000E-01	7.125000E-01	0.000000E+00	0.000000E+00
633	1.875000E-01	7.125000E-01	0.000000E+00	0.000000E+00
634	2.250000E-01	7.125000E-01	0.000000E+00	0.000000E+00
635	2.625000E-01	7.125000E-01	0.000000E+00	0.000000E+00
636	3.000000E-01	7.125000E-01	0.000000E+00	0.000000E+00
637	3.375000E-01	7.125000E-01	0.000000E+00	0.000000E+00
638	3.750000E-01	7.125000E-01	0.000000E+00	0.000000E+00
639	4.125000E-01	7.125000E-01	0.000000E+00	0.000000E+00
640	4.500000E-01	7.125000E-01	0.000000E+00	0.000000E+00
641	4.875000E-01	7.125000E-01	0.000000E+00	0.000000E+00
642	5.250000E-01	7.125000E-01	0.000000E+00	0.000000E+00
643	5.625000E-01	7.125000E-01	0.000000E+00	0.000000E+00
644	6.000000E-01	7.125000E-01	0.000000E+00	0.000000E+00
645	6.375000E-01	7.125000E-01	0.000000E+00	0.000000E+00
646	6.750000E-01	7.125000E-01	0.000000E+00	0.000000E+00
647	7.125000E-01	7.125000E-01	0.000000E+00	0.000000E+00
648	7.500000E-01	7.125000E-01	0.000000E+00	0.000000E+00
649	7.875000E-01	7.125000E-01	0.000000E+00	0.000000E+00
650	8.250000E-01	7.125000E-01	0.000000E+00	0.000000E+00
651	8.625000E-01	7.125000E-01	0.000000E+00	0.000000E+00
652	9.000000E-01	7.125000E-01	0.000000E+00	0.000000E+00
653	9.375000E-01	7.125000E-01	0.000000E+00	0.000000E+00
654	9.750000E-01	7.125000E-01	0.000000E+00	0.000000E+00
655	1.012500E+00	7.125000E-01	0.000000E+00	0.000000E+00
656	1.050000E+00	7.125000E-01	0.000000E+00	0.000000E+00
657	1.087500E+00	7.125000E-01	0.000000E+00	0.000000E+00
658	1.125000E+00	7.125000E-01	0.000000E+00	0.000000E+00
659	1.162500E+00	7.125000E-01	0.000000E+00	0.000000E+00
660	1.200000E+00	7.125000E-01	0.000000E+00	0.000000E+00
661	0.000000E+00	7.500000E-01	0.000000E+00	0.000000E+00
662	3.750000E-02	7.500000E-01	0.000000E+00	0.000000E+00
663	7.500000E-02	7.500000E-01	0.000000E+00	0.000000E+00
664	1.125000E-01	7.500000E-01	0.000000E+00	0.000000E+00
665	1.500000E-01	7.500000E-01	0.000000E+00	0.000000E+00
666	1.875000E-01	7.500000E-01	0.000000E+00	0.000000E+00
667	2.250000E-01	7.500000E-01	0.000000E+00	0.000000E+00
668	2.625000E-01	7.500000E-01	0.000000E+00	0.000000E+00
669	3.000000E-01	7.500000E-01	0.000000E+00	0.000000E+00
670	3.375000E-01	7.500000E-01	0.000000E+00	0.000000E+00
671	3.750000E-01	7.500000E-01	0.000000E+00	0.000000E+00
672	4.125000E-01	7.500000E-01	0.000000E+00	0.000000E+00
673	4.500000E-01	7.500000E-01	0.000000E+00	0.000000E+00
674	4.875000E-01	7.500000E-01	0.000000E+00	0.000000E+00
675	5.250000E-01	7.500000E-01	0.000000E+00	0.000000E+00
676	5.625000E-01	7.500000E-01	0.000000E+00	0.000000E+00
677	6.000000E-01	7.500000E-01	0.000000E+00	0.000000E+00
678	6.375000E-01	7.500000E-01	0.000000E+00	0.000000E+00
679	6.750000E-01	7.500000E-01	0.000000E+00	0.000000E+00
680	7.125000E-01	7.500000E-01	0.000000E+00	0.000000E+00
681	7.500000E-01	7.500000E-01	0.000000E+00	0.000000E+00
682	7.875000E-01	7.500000E-01	0.000000E+00	0.000000E+00
683	8.250000E-01	7.500000E-01	0.000000E+00	0.000000E+00
684	8.625000E-01	7.500000E-01	0.000000E+00	0.000000E+00
685	9.000000E-01	7.500000E-01	0.000000E+00	0.000000E+00
686	9.375000E-01	7.500000E-01	0.000000E+00	0.000000E+00
687	9.750000E-01	7.500000E-01	0.000000E+00	0.000000E+00
688	1.012500E+00	7.500000E-01	0.000000E+00	0.000000E+00
689	1.050000E+00	7.500000E-01	0.000000E+00	0.000000E+00
690	1.087500E+00	7.500000E-01	0.000000E+00	0.000000E+00
691	1.125000E+00	7.500000E-01	0.000000E+00	0.000000E+00
692	1.162500E+00	7.500000E-01	0.000000E+00	0.000000E+00
693	1.200000E+00	7.500000E-01	0.000000E+00	0.000000E+00
694	0.000000E+00	7.875000E-01	0.000000E+00	0.000000E+00
695	3.750000E-02	7.875000E-01	0.000000E+00	0.000000E+00
696	7.500000E-02	7.875000E-01	0.000000E+00	0.000000E+00
697	1.125000E-01	7.875000E-01	0.000000E+00	0.000000E+00
698	1.500000E-01	7.875000E-01	0.000000E+00	0.000000E+00
699	1.875000E-01	7.875000E-01	0.000000E+00	0.000000E+00
700	2.250000E-01	7.875000E-01	0.000000E+00	0.000000E+00
701	2.625000E-01	7.875000E-01	0.000000E+00	0.000000E+00
702	3.000000E-01	7.875000E-01	0.000000E+00	0.000000E+00
703	3.375000E-01	7.875000E-01	0.000000E+00	0.000000E+00
704	3.750000E-01	7.875000E-01	0.000000E+00	0.000000E+00
705	4.125000E-01	7.875000E-01	0.000000E+00	0.000000E+00
706	4.500000E-01	7.875000E-01	0.000000E+00	0.000000E+00
707	4.875000E-01	7.875000E-01	0.000000E+00	0.000000E+00
708	5.250000E-01	7.875000E-01	0.000000E+00	0.000000E+00
709	5.625000E-01	7.875000E-01	0.000000E+00	0.000000E+00
710	6.000000E-01	7.875000E-01	0.000000E+00	0.000000E+00
711	6.375000E-01	7.875000E-01	0.000000E+00	0.000000E+00
712	6.750000E-01	7.875000E-01	0.000000E+00	0.000000E+00
713	7.125000E-01	7.875000E-01	0.000000E+00	0.000000E+00
714	7.500000E-01	7.875000E-01	0.000000E+00	0.000000E+00
715	7.875000E-01	7.875000E-01	0.000000E+00	0.000000E+00
716	8.250000E-01	7.875000E-01	0.000000E+00	0.000000E+00
717	8.625000E-01	7.875000E-01	0.000000E+00	0.000000E+00
718	9.000000E-01	7.875000E-01	0.000000E+00	0.000000E+00
719	9.375000E-01	7.875000E-01	0.000000E+00	0.000000E+00
720	9.750000E-01	7.875000E-01	0.000000E+00	0.000000E+00
721	1.012500E+00	7.875000E-01	0.000000E+00	0.000000E+00
722	1.050000E+00	7.875000E-01	0.000000E+00	0.000000E+00
723	1.087500E+00	7.875000E-01	0.000000E+00	0.000000E+00
724	1.125000E+00	7.875000E-01	0.000000E+00	0.000000E+00
725	1.162500E+00	7.875000E-01	0.000000E+00	0.000000E+00
726	1.200000E+00	7.875000E-01	0.000000E+00	0.000000E+00
727	0.000000E+00	8.250000E-01	0.000000E+00	0.000000E+00
728	3.750000E-02	8.250000E-01	0.000000E+00	0.000000E+00
729	7.500000E-02	8.250000E-01	0.000000E+00	0.000000E+00
730	1.125000E-01	8.250000E-01	0.000000E+00	0.000000E+00
731	1.500000E-01	8.250000E-01	0.000000E+00	0.000000E+00
732	1.875000E-01	8.250000E-01	0.000000E+00	0.000000E+00
733	2.250000E-01	8.250000E-01	0.000000E+00	0.000000E+00
734	2.625000E-01	8.250000E-01	0.000000E+00	0.000000E+00
735	3.000000E-01	8.250000E-01	0.000000E+00	0.000000E+00
736	3.375000E-01	8.250000E-01	0.000000E+00	0.000000E+00
737	3.750000E-01	8.250000E-01	0.000000E+00	0.000000E+00
738	4.125000E-01	8.250000E-01	0.000000E+00	0.000000E+00
739	4.500000E-01	8.250000E-01	0.000000E+00	0.000000E+00
740	4.875000E-01	8.250000E-01	0.000000E+00	0.000000E+00
741	5.250000E-01	8.250000E-01	0.000000E+00	0.000000E+00
742	5.625000E-01	8.250000E-01	0.000000E+00	0.000000E+00
743	6.000000E-01	8.250000E-01	0.000000E+00	0.000000E+00
744	6.375000E-01	8.250000E-01	0.000000E+00	0.000000E+00
745	6.750000E-01	8.250000E-01	0.000000E+00	0.000000E+00
746	7.125000E-01	8.250000E-01	0.000000E+00	0.000000E+00
747	7.500000E-01	8.250000E-01	0.000000E+00	0.000000E+00
748	7.875000E-01	8.250000E-01	0.000000E+00	0.000000E+00
749	8.250000E-01	8.250000E-01	0.000000E+00	0.000000E+00
750	8.625000E-01	8.250000E-01	0.000000E+00	0.000000E+00
751	9.000000E-01	8.250000E-01	0.000000E+00	0.000000E+00
752	9.375000E-01	8.250000E-01	0.000000E+00	0.000000E+00
753	9.750000E-01	8.250000E-01	0.000000E+00	0.000000E+00
754	1.012500E+00	8.250000E-01	0.000000E+00	0.000000E+00
755	1.050000E+00	8.250000E-01	0.000000E+00	0.000000E+00
756	1.087500E+00	8.250000E-01	0.000000E+00	0.000000E+00
757	1.125000E+00	8.250000E-01	0.000000E+00	0.000000E+00
758	1.162500E+00	8.250000E-01	0.000000E+00	0.000000E+00
759	1.200000E+00	8.250000E-01	0.000000E+00	0.000000E+00
760	0.000000E+00	8.625000E-01	0.000000E+00	0.000000E+00
761	3.750000E-02	8.625000E-01	0.000000E+00	0.000000E+00
762	7.500000E-02	8.625000E-01	0.000000E+00	0.000000E+00
763	1.125000E-01	8.625000E-01	0.000000E+00	0.000000E+00
764	1.500000E-01	8.625000E-01	0.000000E+00	0.000000E+00
765	1.875000E-01	8.625000E-01	0.000000E+00	0.000000E+00
766	2.250000E-01	8.625000E-01	0.000000E+00	0.000000E+00
767	2.625000E-01	8.625000E-01	0.000000E+00	0.000000E+00
768	3.000000E-01	8.625000E-01	0.000000E+00	0.000000E+00
769	3.375000E-01	8.625000E-01	0.000000E+00	0.000000E+00
770	3.750000E-01	8.625000E-01	0.000000E+00	0.000000E+00
771	4.125000E-01	8.625000E-01	0.000000E+00	0.000000E+00
772	4.500000E-01	8.625000E-01	0.000000E+00	0.000000E+00
773	4.875000E-01	8.625000E-01	0.000000E+00	0.000000E+00
774	5.250000E-01	8.625000E-01	0.000000E+00	0.000000E+00
775	5.625000E-01	8.625000E-01	0.000000E+00	0.000000E+00
776	6.000000E-01	8.625000E-01	0.000000E+00	0.000000E+00
777	6.375000E-01	8.625000E-01	0.000000E+00	0.000000E+00
778	6.750000E-01	8.625000E-01	0.000000E+00	0.000000E+00
779	7.125000E-01	8.625000E-01	0.000000E+00	0.000000E+00
780	7.500000E-01	8.625000E-01	0.000000E+00	0.000000E+00
781	7.875000E-01	8.625000E-01	0.000000E+00	0.000000E+00
782	8.250000E-01	8.625000E-01	0.000000E+00	0.000000E+00
783	8.625000E-01	8.625000E-01	0.000000E+00	0.000000E+00
784	9.000000E-01	8.625000E-01	0.000000E+00	0.000000E+00
785	9.375000E-01	8.625000E-01	0.000000E+00	0.000000E+00
786	9.750000E-01	8.625000E-01	0.000000E+00	0.000000E+00
787	1.012500E+00	8.625000E-01	0.000000E+00	0.000000E+00
788	1.050000E+00	8.625000E-01	0.000000E+00	0.000000E+00
789	1.087500E+00	8.625000E-01	0.000000E+00	0.000000E+00
790	1.125000E+00	8.625000E-01	0.000000E+00	0.000000E+00
791	1.162500E+00	8.625000E-01	0.000000E+00	0.000000E+00
792	1.200000E+00	8.625000E-01	0.000000E+00	0.000000E+00
793	0.000000E+00	9.000000E-01	0.000000E+00	0.000000E+00
794	3.750000E-02	9.000000E-01	0.000000E+00	0.000000E+00
795	7.500000E-02	9.000000E-01	0.000000E+00	0.000000E+00
796	1.125000E-01	9.000000E-01	0.000000E+00	0.000000E+00
797	1.500000E-01	9.000000E-01	0.000000E+00	0.000000E+00
798	1.875000E-01	9.000000E-01	0.000000E+00	0.000000E+00
799	2.250000E-01	9.000000E-01	0.000000E+00	0.000000E+00
800	2.625000E-01	9.000000E-01	0.000000E+00	0.000000E+00
801	3.000000E-01	9.000000E-01	0.000000E+00	0.000000E+00
802	3.375000E-01	9.000000E-01	0.000000E+00	0.000000E+00
803	3.750000E-01	9.000000E-01	0.000000E+00	0.000000E+00
804	4.125000E-01	9.000000E-01	0.000000E+00	0.000000E+00
805	4.500000E-01	9.000000E-01	0.000000E+00	0.000000E+00
806	4.875000E-01	9.000000E-01	0.000000E+00	0.000000E+00
807	5.250000E-01	9.000000E-01	0.000000E+00	0.000000E+00
808	5.625000E-01	9.000000E-01	0.000000E+00	0.000000E+00
809	6.000000E-01	9.000000E-01	0.000000E+00	0.000000E+00
810	6.375000E-01	9.000000E-01	0.000000E+00	0.000000E+00
811	6.750000E-01	9.000000E-01	0.000000E+00	0.000000E+00
812	7.125000E-01	9.000000E-01	0.000000E+00	0.000000E+00
813	7.500000E-01	9.000000E-01	0.000000E+00	0.000000E+00
814	7.875000E-01	9.000000E-01	0.000000E+00	0.000000E+00
815	8.250000E-01	9.000000E-01	0.000000E+00	0.000000E+00
816	8.625000E-01	9.000000E-01	0.000000E+00	0.000000E+00
817	9.000000E-01	9.000000E-01	0.000000E+00	0.000000E+00
818	9.375000E-01	9.000000E-01	0.000000E+00	0.000000E+00
819	9.750000E-01	9.000000E-01	0.000000E+00	0.000000E+00
820	1.012500E+00	9.000000E-01	0.000000E+00	0.000000E+00
821	1.050000E+00	9.000000E-01	0.000000E+00	0.000000E+00
822	1.087500E+00	9.000000E-01	0.000000E+00	0.000000E+00
823	1.125000E+00	9.000000E-01	0.000000E+00	0.000000E+00
824	1.162500E+00	9.000000E-01	0.000000E+00	0.000000E+00
825	1.200000E+00	9.000000E-01	0.000000E+00	0.000000E+00
826	0.000000E+00	9.375000E-01	0.000000E+00	0.000000E+00
827	3.750000E-02	9.375000E-01	0.000000E+00	0.000000E+00
828	7.500000E-02	9.375000E-01	0.000000E+00	0.000000E+00
829	1.125000E-01	9.375000E-01	0.000000E+00	0.000000E+00
830	1.500000E-01	9.375000E-01	0.000000E+00	0.000000E+00
831	1.875000E-01	9.375000E-01	0.000000E+00	0.000000E+00
832	2.250000E-01	9.375000E-01	0.000000E+00	0.000000E+00
833	2.625000E-01	9.375000E-01	0.000000E+00	0.000000E+00
834	3.000000E-01	9.375000E-01	0.000000E+00	0.000000E+00
835	3.375000E-01	9.375000E-01	0.000000E+00	0.000000E+00
836	3.750000E-01	9.375000E-01	0.000000E+00	0.000000E+00
837	4.125000E-01	9.375000E-01	0.000000E+00	0.000000E+00
838	4.500000E-01	9.375000E-01	0.000000E+00	0.000000E+00
839	4.875000E-01	9.375000E-01	0.000000E+00	0.000000E+00
840	5.250000E-01	9.375000E-01	0.000000E+00	0.000000E+00
841	5.625000E-01	9.375000E-01	0.000000E+00	0.000000E+00
842	6.000000E-01	9.375000E-01	0.000000E+00	0.000000E+00
843	6.375000E-01	9.375000E-01	0.000000E+00	0.000000E+00
844	6.750000E-01	9.375000E-01	0.000000E+00	0.000000E+00
845	7.125000E-01	9.375000E-01	0.000000E+00	0.000000E+00
846	7.500000E-01	9.375000E-01	0.000000E+00	0.000000E+00
847	7.875000E-01	9.375000E-01	0.000000E+00	0.000000E+00
848	8.250000E-01	9.375000E-01	0.000000E+00	0.000000E+00
849	8.625000E-01	9.375000E-01	0.000000E+00	0.000000E+00
850	9.000000E-01	9.375000E-01	0.000000E+00	0.000000E+00
851	9.375000E-01	9.375000E-01	0.000000E+00	0.000000E+00
852	9.750000E-01	9.375000E-01	0.000000E+00	0.000000E+00
853	1.012500E+00	9.375000E-01	0.000000E+00	0.000000E+00
854	1.050000E+00	9.375000E-01	0.000000E+00	0.000000E+00
855	1.087500E+00	9.375000E-01	0.000000E+00	0.000000E+00
856	1.125000E+00	9.375000E-01	0.000000E+00	0.000000E+00
857	1.162500E+00	9.375000E-01	0.000000E+00	0.000000E+00
858	1.200000E+00	9.375000E-01	0.000000E+00	0.000000E+00
859	0.000000E+00	9.750000E-01	0.000000E+00	0.000000E+00
860	3.750000E-02	9.750000E-01	0.000000E+00	0.000000E+00
861	7.500000E-02	9.750000E-01	0.000000E+00	0.000000E+00
862	1.125000E-01	9.750000E-01	0.000000E+00	0.000000E+00
863	1.500000E-01	9.750000E-01	0.000000E+00	0.000000E+00
864	1.875000E-01	9.750000E-01	0.000000E+00	0.000000E+00
865	2.250000E-01	9.750000E-01	0.000000E+00	0.000000E+00
866	2.625000E-01	9.750000E-01	0.000000E+00	0.000000E+00
867	3.000000E-01	9.750000E-01	0.000000E+00	0.000000E+00
868	3.375000E-01	9.750000E-01	0.000000E+00	0.000000E+00
869	3.750000E-01	9.750000E-01	0.000000E+00	0.000000E+00
870	4.125000E-01	9.750000E-01	0.000000E+00	0.000000E+00
871	4.500000E-01	9.750000E-01	0.000000E+00	0.000000E+00
872	4.875000E-01	9.750000E-01	0.000000E+00	0.000000E+00
873	5.250000E-01	9.750000E-01	0.000000E+00	0.000000E+00
874	5.625000E-01	9.750000E-01	0.000000E+00	0.000000E+00
875	6.000000E-01	9.750000E-01	0.000000E+00	0.000000E+00
876	6.375000E-01	9.750000E-01	0.000000E+00	0.000000E+00
877	6.750000E-01	9.750000E-01	0.000000E+00	0.000000E+00
878	7.125000E-01	9.750000E-01	0.000000E+00	0.000000E+00
879	7.500000E-01	9.750000E-01	0.000000E+00	0.000000E+00
880	7.875000E-01	9.750000E-01	0.000000E+00	0.000000E+00
881	8.250000E-01	9.750000E-01	0.000000E+00	0.000000E+00
882	8.625000E-01	9.750000E-01	0.000000E+00	0.000000E+00
883	9.000000E-01	9.750000E-01	0.000000E+00	0.000000E+00
884	9.375000E-01	9.750000E-01	0.000000E+00	0.000000E+00
885	9.750000E-01	9.750000E-01	0.000000E+00	0.000000E+00
886	1.012500E+00	9.750000E-01	0.000000E+00	0.000000E+00
887	1.050000E+00	9.750000E-01	0.000000E+00	0.000000E+00
888	1.087500E+00	9.750000E-01	0.000000E+00	0.000000E+00
889	1.125000E+00	9.750000E-01	0.000000E+00	0.000000E+00
890	1.162500E+00	9.750000E-01	0.000000E+00	0.000000E+00
891	1.200000E+00	9.750000E-01	0.000000E+00	0.000000E+00
892	0.000000E+00	1.012500E+00	0.000000E+00	0.000000E+00
893	3.750000E-02	1.012500E+00	0.000000E+00	0.000000E+00
894	7.500000E-02	1.012500E+00	0.000000E+00	0.000000E+00
895	1.125000E-01	1.012500E+00	0.000000E+00	0.000000E+00
896	1.500000E-01	1.012500E+00	0.000000E+00	0.000000E+00
897	1.875000E-01	1.012500E+00	0.000000E+00	0.000000E+00
898	2.250000E-01	1.012500E+00	0.000000E+00	0.000000E+00
899	2.625000E-01	1.012500E+00	0.000000E+00	0.000000E+00
900	3.000000E-01	1.012500E+00	0.000000E+00	0.000000E+00
901	3.375000E-01	1.012500E+00	0.000000E+00	0.000000E+00
902	3.750000E-01	1.012500E+00	0.000000E+00	0.000000E+00
903	4.125000E-01	1.012500E+00	0.000000E+00	0.000000E+00
904	4.500000E-01	1.012500E+00	0.000000E+00	0.000000E+00
905	4.875000E-01	1.012500E+00	0.000000E+00	0.000000E+00
906	5.250000E-01	1.012500E+00	0.000000E+00	0.000000E+00
907	5.625000E-01	1.012500E+00	0.000000E+00	0.000000E+00
908	6.000000E-01	1.012500E+00	0.000000E+00	0.000000E+00
909	6.375000E-01	1.012500E+00	0.000000E+00	0.000000E+00
910	6.750000E-01	1.012500E+00	0.000000E+00	0.000000E+00
911	7.125000E-01	1.012500E+00	0.000000E+00	0.000000E+00
912	7.500000E-01	1.012500E+00	0.000000E+00	0.000000E+00
913	7.875000E-01	1.012500E+00	0.000000E+00	0.000000E+00
914	8.250000E-01	1.012500E+00	0.000000E+00	0.000000E+00
915	8.625000E-01	1.012500E+00	0.000000E+00	0.000000E+00
916	9.000000E-01	1.012500E+00	0.000000E+00	0.000000E+00
917	9.375000E-01	1.012500E+00	0.000000E+00	0.000000E+00
918	9.750000E-01	1.012500E+00	0.000000E+00	0.000000E+00
919	1.012500E+00	1.012500E+00	0.000000E+00	0.000000E+00
920	1.050000E+00	1.012500E+00	0.000000E+00	0.000000E+00
921	1.087500E+00	1.012500E+00	0.000000E+00	0.000000E+00
922	1.125000E+00	1.012500E+00	0.000000E+00	0.000000E+00
923	1.162500E+00	1.012500E+00	0.000000E+00	0.000000E+00
924	1.200000E+00	1.012500E+00	0.000000E+00	0.000000E+00
925	0.000000E+00	1.050000E+00	0.000000E+00	0.000000E+00
926	3.750000E-02	1.050000E+00	0.000000E+00	0.000000E+00
927	7.500000E-02	1.050000E+00	0.000000E+00	0.000000E+00
928	1.125000E-01	1.050000E+00	0.000000E+00	0.000000E+00
929	1.500000E-01	1.050000E+00	0.000000E+00	0.000000E+00
930	1.875000E-01	1.050000E+00	0.000000E+00	0.000000E+00
931	2.250000E-01	1.050000E+00	0.000000E+00	0.000000E+00
932	2.625000E-01	1.050000E+00	0.000000E+00	0.000000E+00
933	3.000000E-01	1.050000E+00	0.000000E+00	0.000000E+00
934	3.375000E-01	1.050000E+00	0.000000E+00	0.000000E+00
935	3.750000E-01	1.050000E+00	0.000000E+00	0.000000E+00
936	4.125000E-01	1.050000E+00	0.000000E+00	0.000000E+00
937	4.500000E-01	1.050000E+00	0.000000E+00	0.000000E+00
938	4.875000E-01	1.050000E+00	0.000000E+00	0.000000E+00
939	5.250000E-01	1.050000E+00	0.000000E+00	0.000000E+00
940	5.625000E-01	1.050000E+00	0.000000E+00	0.000000E+00
941	6.000000E-01	1.050000E+00	0.000000E+00	0.000000E+00
942	6.375000E-01	1.050000E+00	0.000000E+00	0.000000E+00
943	6.750000E-01	1.050000E+00	0.000000E+00	0.000000E+00
944	7.125000E-01	1.050000E+00	0.000000E+00	0.000000E+00
945	7.500000E-01	1.050000E+00	0.000000E+00	0.000000E+00
946	7.875000E-01	1.050000E+00	0.000000E+00	0.000000E+00
947	8.250000E-01	1.050000E+00	0.000000E+00	0.000000E+00
948	8.625000E-01	1.050000E+00	0.000000E+00	0.000000E+00
949	9.000000E-01	1.050000E+00	0.000000E+00	0.000000E+00
950	9.375000E-01	1.050000E+00	0.000000E+00	0.000000E+00
951	9.750000E-01	1.050000E+00	0.000000E+00	0.000000E+00
952	1.012500E+00	1.050000E+00	0.000000E+00	0.000000E+00
953	1.050000E+00	1.050000E+00	0.000000E+00	0.000000E+00
954	1.087500E+00	1.050000E+00	0.000000E+00	0.000000E+00
955	1.125000E+00	1.050000E+00	0.000000E+00	0.000000E+00
956	1.162500E+00	1.050000E+00	0.000000E+00	0.000000E+00
957	1.200000E+00	1.050000E+00	0.000000E+00	0.000000E+00
958	0.000000E+00	1.087500E+00	0.000000E+00	0.000000E+00
959	3.750000E-02	1.087500E+00	0.000000E+00	0.000000E+00
960	7.500000E-02	1.087500E+00	0.000000E+00	0.000000E+00
961	1.125000E-01	1.087500E+00	0.000000E+00	0.000000E+00
962	1.500000E-01	1.087500E+00	0.000000E+00	0.000000E+00
963	1.875000E-01	1.087500E+00	0.000000E+00	0.000000E+00
964	2.250000E-01	1.087500E+00	0.000000E+00	0.000000E+00
965	2.625000E-01	1.087500E+00	0.000000E+00	0.000000E+00
966	3.000000E-01	1.087500E+00	0.000000E+00	0.000000E+00
967	3.375000E-01	1.087500E+00	0.000000E+00	0.000000E+00
968	3.750000E-01	1.087500E+00	0.000000E+00	0.000000E+00
969	4.125000E-01	1.087500E+00	0.000000E+00	0.000000E+00
970	4.500000E-01	1.087500E+00	0.000000E+00	0.000000E+00
971	4.875000E-01	1.087500E+00	0.000000E+00	0.000000E+00
972	5.250000E-01	1.087500E+00	0.000000E+00	0.000000E+00
973	5.625000E-01	1.087500E+00	0.000000E+00	0.000000E+00
974	6.000000E-01	1.087500E+00	0.000000E+00	0.000000E+00
975	6.375000E-01	1.087500E+00	0.000000E+00	0.000000E+00
976	6.750000E-01	1.087500E+00	0.000000E+00	0.000000E+00
977	7.125000E-01	1.087500E+00	0.000000E+00	0.000000E+00
978	7.500000E-01	1.087500E+00	0.000000E+00	0.000000E+00
979	7.875000E-01	1.087500E+00	0.000000E+00	0.000000E+00
980	8.250000E-01	1.087500E+00	0.000000E+00	0.000000E+00
981	8.625000E-01	1.087500E+00	0.000000E+00	0.000000E+00
982	9.000000E-01	1.087500E+00	0.000000E+00	0.000000E+00
983	9.375000E-01	1.087500E+00	0.000000E+00	0.000000E+00
984	9.750000E-01	1.087500E+00	0.000000E+00	0.000000E+00
985	1.012500E+00	1.087500E+00	0.000000E+00	0.000000E+00
986	1.050000E+00	1.087500E+00	0.000000E+00	0.000000E+00
987	1.087500E+00	1.087500E+00	0.000000E+00	0.000000E+00
988	1.125000E+00	1.087500E+00	0.000000E+00	0.000000E+00
989	1.162500E+00	1.087500E+00	0.000000E+00	0.000000E+00
990	1.200000E+00	1.087500E+00	0.000000E+00	0.000000E+00
991	0.000000E+00	1.125000E+00	0.000000E+00	0.000000E+00
992	3.750000E-02	1.125000E+00	0.000000E+00	0.000000E+00
993	7.500000E-02	1.125000E+00	0.000000E+00	0.000000E+00
994	1.125000E-01	1.125000E+00	0.000000E+00	0.000000E+00
995	1.500000E-01	1.125000E+00	0.000000E+00	0.000000E+00
996	1.875000E-01	1.125000E+00	0.000000E+00	0.000000E+00
997	2.250000E-01	1.125000E+00	0.000000E+00	0.000000E+00
998	2.625000E-01	1.125000E+00	0.000000E+00	0.000000E+00
999	3.000000E-01	1.125000E+00	0.000000E+00	0.000000E+00
1000	3.375000E-01	1.125000E+00	0.000000E+00	0.000000E+00
1001	3.750000E-01	1.125000E+00	0.000000E+00	0.000000E+00
1002	4.125000E-01	1.125000E+00	0.000000E+00	0.000000E+00
1003	4.500000E-01	1.125000E+00	0.000000E+00	0.000000E+00
1004	4.875000E-01	1.125000E+00	0.000000E+00	0.000000E+00
1005	5.250000E-01	1.125000E+00	0.000000E+00	0.000000E+00
1006	5.625000E-01	1.125000E+00	0.000000E+00	0.000000E+00
1007	6.000000E-01	1.125000E+00	0.000000E+00	0.000000E+00
1008	6.375000E-01	1.125000E+00	0.000000E+00	0.000000E+00
1009	6.750000E-01	1.125000E+00	0.000000E+00	0.000000E+00
1010	7.125000E-01	1.125000E+00	0.000000E+00	0.000000E+00
1011	7.500000E-01	1.125000E+00	0.000000E+00	0.000000E+00
1012	7.875000E-01	1.125000E+00	0.000000E+00	0.000000E+00
1013	8.250000E-01	1.125000E+00	0.000000E+00	0.000000E+00
1014	8.625000E-01	1.125000E+00	0.000000E+00	0.000000E+00
1015	9.000000E-01	1.125000E+00	0.000000E+00	0.000000E+00
1016	9.375000E-01	1.125000E+00	0.000000E+00	0.000000E+00
1017	9.750000E-01	1.125000E+00	0.000000E+00	0.000000E+00
1018	1.012500E+00	1.125000E+00	0.000000E+00	0.000000E+00
1019	1.050000E+00	1.125000E+00	0.000000E+00	0.000000E+00
1020	1.087500E+00	1.125000E+00	0.000000E+00	0.000000E+00
1021	1.125000E+00	1.125000E+00	0.000000E+00	0.000000E+00
1022	1.162500E+00	1.125000E+00	0.000000E+00	0.000000E+00
1023	1.200000E+00	1.125000E+00	0.000000E+00	0.000000E+00
1024	0.000000E+00	1.162500E+00	0.000000E+00	0.000000E+00
1025	3.750000E-02	1.162500E+00	0.000000E+00	0.000000E+00
1026	7.500000E-02	1.162500E+00	0.000000E+00	0.000000E+00
1027	1.125000E-01	1.162500E+00	0.000000E+00	0.000000E+00
1028	1.500000E-01	1.162500E+00	0.000000E+00	0.000000E+00
1029	1.875000E-01	1.162500E+00	0.000000E+00	0.000000E+00
1030	2.250000E-01	1.162500E+00	0.000000E+00	0.000000E+00
1031	2.625000E-01	1.162500E+00	0.000000E+00	0.000000E+00
1032	3.000000E-01	1.162500E+00	0.000000E+00	0.000000E+00
1033	3.375000E-01	1.162500E+00	0.000000E+00	0.000000E+00
1034	3.750000E-01	1.162500E+00	0.000000E+00	0.000000E+00
1035	4.125000E-01	1.162500E+00	0.000000E+00	0.000000E+00
1036	4.500000E-01	1.162500E+00	0.000000E+00	0.000000E+00
1037	4.875000E-01	1.162500E+00	0.000000E+00	0.000000E+00
1038	5.250000E-01	1.162500E+00	0.000000E+00	0.000000E+00
1039	5.625000E-01	1.162500E+00	0.000000E+00	0.000000E+00
1040	6.000000E-01	1.162500E+00	0.000000E+00	0.000000E+00
1041	6.375000E-01	1.162500E+00	0.000000E+00	0.000000E+00
1042	6.750000E-01	1.162500E+00	0.000000E+00	0.000000E+00
1043	7.125000E-01	1.162500E+00	0.000000E+00	0.000000E+00
1044	7.500000E-01	1.162500E+00	0.000000E+00	0.000000E+00
1045	7.875000E-01	1.162500E+00	0.000000E+00	0.000000E+00
1046	8.250000E-01	1.162500E+00	0.000000E+00	0.000000E+00
1047	8.625000E-01	1.162500E+00	0.000000E+00	0.000000E+00
1048	9.000000E-01	1.162500E+00	0.000000E+00	0.000000E+00
1049	9.375000E-01	1.162500E+00	0.000000E+00	0.000000E+00
1050	9.750000E-01	1.162500E+00	0.000000E+00	0.000000E+00
1051	1.012500E+00	1.162500E+00	0.000000E+00	0.000000E+00
1052	1.050000E+00	1.162500E+00	0.000000E+00	0.000000E+00
1053	1.087500E+00	1.162500E+00	0.000000E+00	0.000000E+00
1054	1.125000E+00	1.162500E+00	0.000000E+00	0.000000E+00
1055	1.162500E+00	1.162500E+00	0.000000E+00	0.000000E+00
1056	1.200000E+00	1.162500E+00	0.000000E+00	0.000000E+00
1057	0.000000E+00	1.200000E+00	0.000000E+00	0.000000E+00
1058	3.750000E-02	1.200000E+00	0.000000E+00	0.000000E+00
1059	7.500000E-02	1.200000E+00	0.000000E+00	0.000000E+00
1060	1.125000E-01	1.200000E+00	0.000000E+00	0.000000E+00
1061	1.500000E-01	1.200000E+00	0.000000E+00	0.000000E+00
1062	1.875000E-01	1.200000E+00	0.000000E+00	0.000000E+00
1063	2.250000E-01	1.200000E+00	0.000000E+00	0.000000E+00
1064	2.625000E-01	1.200000E+00	0.000000E+00	0.000000E+00
1065	3.000000E-01	1.200000E+00	0.000000E+00	0.000000E+00
1066	3.375000E-01	1.200000E+00	0.000000E+00	0.000000E+00
1067	3.750000E-01	1.200000E+00	0.000000E+00	0.000000E+00
1068	4.125000E-01	1.200000E+00	0.000000E+00	0.000000E+00
1069	4.500000E-01	1.200000E+00	0.000000E+00	0.000000E+00
1070	4.875000E-01	1.200000E+00	0.000000E+00	0.000000E+00
1071	5.250000E-01	1.200000E+00	0.000000E+00	0.000000E+00
1072	5.625000E-01	1.200000E+00	0.000000E+00	0.000000E+00
1073	6.000000E-01	1.200000E+00	0.000000E+00	0.000000E+00
1074	6.375000E-01	1.200000E+00	0.000000E+00	0.000000E+00
1075	6.750000E-01	1.200000E+00	0.000000E+00	0.000000E+00
1076	7.125000E-01	1.200000E+00	0.000000E+00	0.000000E+00
1077	7.500000E-01	1.200000E+00	0.000000E+00	0.000000E+00
1078	7.875000E-01	1.200000E+00	0.000000E+00	0.000000E+00
1079	8.250000E-01	1.200000E+00	0.000000E+00	0.000000E+00
1080	8.625000E-01	1.200000E+00	0.000000E+00	0.000000E+00
1081	9.000000E-01	1.200000E+00	0.000000E+00	0.000000E+00
1082	9.375000E-01	1.200000E+00	0.000000E+00	0.000000E+00
1083	9.750000E-01	1.200000E+00	0.000000E+00	0.000000E+00
1084	1.012500E+00	1.200000E+00	0.000000E+00	0.000000E+00
1085	1.050000E+00	1.200000E+00	0.000000E+00	0.000000E+00
1086	1.087500E+00	1.200000E+00	0.000000E+00	0.000000E+00
1087	1.125000E+00	1.200000E+00	0.000000E+00	0.000000E+00
1088	1.162500E+00	1.200000E+00	0.000000E+00	0.000000E+00
1089	1.200000E+00	1.200000E+00	0.000000E+00	0.000000E+00
